Time	CFP	YFP	
Seconds	mV	mV	
			
0	3018,37	3117,26
1	2977,68	3122,14
2	2947,36	3098,13
3	2955,50	3102,61
4	2988,26	3138,82
5	3004,33	3127,02
6	2978,49	3126,82
7	2921,93	3127,23
8	2890,39	3107,90
9	2976,87	3067,00
10	2999,15	3089,18
11	2895,28	3133,53
12	2948,99	3157,13
13	2904,84	3126,21
14	2886,33	3125,19
15	2897,92	3115,83
16	2967,10	3167,61
17	2991,72	3150,62
18	2959,78	3073,10
19	2904,84	3114,41
20	2903,21	3095,28
21	2901,99	3108,71
22	2875,13	3073,31
23	2896,91	3106,27
24	2880,42	3131,09
25	2849,09	3084,29
26	2837,49	3088,16
27	2933,33	3105,05
28	2914,40	3105,66
29	2895,68	3114,81
30	2893,65	3139,43
31	3011,66	3149,81
32	3048,69	3097,72
33	2814,91	3112,98
34	2893,65	3104,03
35	2856,42	3162,42
36	2875,54	3128,85
37	2875,13	3136,99
38	2943,29	3158,15
39	2883,88	3161,41
40	2884,70	3080,02
41	2893,85	3106,47
42	2876,97	3153,68
43	2866,39	3114,61
44	2864,25	3130,68
45	2867,61	3131,91
46	2852,35	3108,71
47	2886,53	3083,07
48	2840,75	3124,99
49	2889,58	3124,99
50	2935,67	3134,35
51	2907,08	3167,92
52	2917,25	3132,72
53	2878,39	3167,31
54	2798,43	3091,21
55	2873,51	3106,07
56	2863,94	3202,30
57	2879,81	3160,59
58	2908,50	3187,04
59	2755,50	3122,14
60	2822,64	3176,67
61	2799,24	3191,32
62	2775,23	3162,63
63	2806,26	3172,80
64	2845,84	3195,59
65	2863,33	3202,10
66	2781,54	3139,23
67	2821,83	3124,99
68	2921,32	3151,84
69	2941,06	3147,16
70	2861,50	3156,73
71	2844,41	3190,50
72	2901,38	3179,72
73	2882,26	3179,52
74	2818,98	3161,41
75	2827,12	3161,20
76	2840,75	3195,39
77	2873,30	3177,07
78	2824,88	3161,41
79	2817,76	3198,64
80	2918,68	3187,65
81	2781,14	3177,68
82	2800,26	3136,18
83	2794,05	3147,47
84	2781,54	3146,76
85	2791,51	3122,75
86	2760,79	3209,22
87	2837,90	3146,76
88	2709,31	3152,66
89	2773,61	3162,83
90	2752,24	3202,71
91	2872,49	3169,14
92	2832,81	3185,82
93	2815,11	3216,95
94	2927,83	3189,08
95	2752,24	3166,70
96	2691,81	3144,72
97	2786,02	3163,44
98	2809,42	3154,49
99	2831,59	3115,22
100	2753,26	3166,90
101	2803,31	3162,63
102	2746,14	3127,63
103	2760,59	3142,28
104	2712,26	3188,67
105	2730,68	3165,68
106	2760,79	3220,21
107	2788,66	3214,92
108	2789,68	3179,72
109	2810,23	3215,53
110	2771,17	3149,00
111	2817,55	3153,88
112	2792,33	3178,91
113	2771,17	3169,55
114	2780,12	3166,70
115	2813,49	3175,85
116	2818,57	3140,04
117	2830,07	3184,70
118	2797,62	3181,75
119	2843,19	3170,56
120	2769,54	3159,58
121	2744,51	3166,70
122	2825,49	3186,03
123	2809,82	3210,85
124	2727,52	3188,37
125	2757,33	3153,27
126	2761,20	3172,60
127	2827,12	3162,83
128	2757,53	3197,62
129	2618,98	3157,13
130	2684,08	3117,66
131	2700,36	3185,62
132	2726,00	3164,66
133	2766,89	3164,26
134	2762,82	3185,21
135	2811,04	3125,60
136	2853,57	3148,39
137	2719,89	3173,72
138	2819,59	3171,38
139	2696,90	3152,25
140	2708,50	3189,89
141	2792,73	3140,65
142	2794,36	3123,97
143	2820,61	3158,56
144	2802,60	3137,70
145	2759,57	3114,20
146	2704,02	3140,04
147	2750,41	3158,36
148	2766,28	3131,09
149	2667,20	3135,57
150	2724,57	3179,72
151	2717,65	3142,69
152	2786,43	3159,07
153	2825,49	3271,07
154	2884,29	3370,36
155	2939,63	3379,72
156	2799,85	3112,78
157	2859,67	3157,85
158	2818,78	3176,87
159	2706,87	3164,87
160	2788,05	3166,09
161	2892,23	3317,26
162	2825,49	3214,71
163	2826,91	3217,97
164	2805,75	3231,20
165	2803,52	3252,15
166	2746,95	3251,34
167	2794,36	3280,03
168	2713,59	3269,85
169	2674,93	3231,20
170	2675,54	3269,65
171	2760,99	3200,27
172	2807,79	3184,40
173	2729,25	3343,71
174	2646,85	3556,13
175	2285,50	3801,71
176	2146,94	3925,00
177	2083,46	3921,54
178	1922,72	3957,76
179	1862,09	3937,62
180	2132,50	3941,69
181	2154,27	3955,93
182	2064,95	3895,70
183	2082,65	3914,02
184	2105,03	3901,40
185	2144,60	3868,34
186	2182,95	3807,00
187	2251,72	3779,73
188	2285,50	3766,71
189	2233,62	3716,25
190	2229,14	3718,69
191	2256,00	3726,22
192	2262,71	3682,78
193	2313,78	3604,75
194	2386,21	3645,65
195	2402,49	3572,61
196	2422,02	3463,35
197	2589,27	3440,76
198	2561,80	3452,97
199	2577,88	3438,93
200	2648,27	3371,79
201	2713,38	3289,39
202	2774,83	3307,90
203	2760,79	3311,97
204	2683,68	3263,34
205	2701,89	3162,12
206	2745,94	3126,61
207	2727,42	3143,71
208	2745,12	3144,11
209	2692,22	3151,03
210	2753,26	3149,00
211	2939,84	3148,59
212	2768,72	3131,29
213	2846,65	3063,34
214	2805,55	3118,88
215	2761,60	3147,16
216	2832,41	3127,84
217	2888,77	3144,72
218	2840,75	3143,50
219	2828,85	3184,40
220	2752,65	3151,84
221	2773,00	3115,83
222	2779,91	3114,41
223	2833,83	3127,43
224	2780,93	3134,35
225	2748,17	3158,76
226	2708,91	3139,53
227	2771,78	3103,83
228	2829,36	3173,41
229	2805,75	3130,68
230	2859,26	3107,90
231	2829,36	3081,45
232	2836,68	3101,79
233	2825,49	3088,57
234	2747,97	3035,87
235	2753,06	3075,75
236	2794,97	3125,39
237	2774,22	3094,87
238	2775,84	3090,40
239	2780,32	3085,11
240	2808,40	3017,15
241	2744,31	3044,62
242	2779,91	3092,03
243	2809,01	3130,48
244	2763,84	3056,83
245	2827,93	3062,52
246	2773,00	3055,00
247	2826,10	3070,87
248	2815,52	3070,26
249	2752,24	3008,00
250	2787,24	3038,92
251	2753,26	3060,29
252	2731,69	3095,49
253	2802,30	3111,76
254	2813,08	3115,42
255	2859,67	3036,28
256	2758,96	3067,81
257	2851,74	3081,85
258	2829,76	3043,81
259	2817,76	3135,16
260	2803,21	3050,72
261	2782,15	3071,07
262	2828,34	3086,53
263	2750,62	3113,59
264	2829,76	3130,07
265	2837,29	3097,93
266	2770,15	3065,58
267	2815,11	3053,78
268	2772,18	3101,59
269	2798,63	3081,24
270	2808,60	3063,34
271	2760,99	3088,97
272	2826,71	3096,91
273	2774,22	3058,35
274	2767,10	3003,32
275	2722,74	3087,55
276	2817,76	3079,41
277	2868,22	3095,69
278	2781,75	3095,69
279	2710,13	3072,09
280	2792,12	3063,54
281	2726,61	3011,05
282	2873,91	3055,40
283	2809,21	3120,71
284	2806,77	3076,36
285	2783,37	3103,83
286	2760,79	3101,79
287	2768,42	3059,27
288	2804,74	3064,36
289	2798,23	3145,13
290	2789,68	3133,33
291	2717,65	3059,07
292	2733,12	3122,34
293	2809,42	3109,32
294	2785,81	3168,53
295	2773,00	3066,80
296	2811,45	3100,57
297	2717,86	3117,87
298	2850,92	3151,03
299	2819,59	3124,99
300	2776,66	3195,39
301	2759,57	3087,55
302	2777,07	3100,37
303	2808,40	3093,04
304	2807,38	3107,69
305	2744,92	3140,86
306	2807,99	3106,88
307	2818,17	3057,74
308	2811,25	3069,03
309	2792,94	3190,30
310	2796,80	3109,93
311	2701,38	3164,26
312	2752,24	3096,30
313	2767,10	3140,86
314	2704,84	3101,39
315	2715,01	3120,92
316	2762,62	3118,48
317	2784,80	3108,91
318	2750,82	3139,03
319	2778,69	3148,39
320	2738,61	3138,01
321	2750,72	3116,34
322	2713,38	3133,74
323	2765,47	3131,70
324	2793,34	3127,43
325	2753,87	3174,63
326	2734,34	3152,45
327	2806,36	3132,92
328	2696,09	3114,81
329	2692,43	3158,15
330	2607,99	3187,86
331	2747,16	3135,16
332	2743,70	3110,54
333	2738,81	3131,29
334	2791,92	3168,22
335	2799,04	3137,81
336	2817,15	3116,44
337	2816,33	3122,34
338	2844,62	3134,75
339	2787,04	3116,03
340	2706,46	3158,76
341	2764,45	3163,24
342	2727,83	3156,32
343	2752,45	3138,42
344	2740,24	3137,81
345	2802,70	3147,57
346	2784,19	3150,42
347	2762,82	3196,00
348	2770,55	3133,74
349	2796,80	3125,19
350	2745,73	3132,31
351	2773,40	3129,06
352	2792,73	3092,64
353	2756,31	3100,78
354	2736,37	3115,42
355	2811,45	3111,15
356	2762,62	3143,91
357	2748,99	3179,31
358	2780,12	3202,10
359	2836,48	3205,76
360	2732,10	3147,37
361	2619,18	3153,88
362	2744,31	3134,35
363	2709,72	3117,46
364	2682,05	3116,85
365	2686,52	3168,94
366	2700,56	3190,50
367	2641,56	3146,76
368	2707,07	3153,88
369	2700,36	3192,33
370	2818,57	3167,10
371	2884,09	3158,15
372	2854,58	3192,54
373	2680,83	3187,65
374	2708,91	3182,97
375	2817,55	3178,90
376	2743,70	3197,01
377	2646,24	3158,76
378	2769,74	3193,35
379	2719,28	3151,84
380	2794,56	3143,10
381	2773,40	3148,79
382	2679,00	3138,01
383	2671,37	3149,61
384	2711,75	3142,89
385	2670,04	3140,86
386	2766,28	3166,70
387	2710,74	3181,55
388	2761,60	3168,73
389	2770,55	3159,37
390	2732,30	3198,03
391	2668,82	3228,75
392	2734,54	3181,96
393	2770,15	3192,13
394	2722,74	3179,72
395	2703,62	3186,03
396	2751,63	3147,16
397	2790,49	3190,71
398	2773,40	3194,57
399	2728,23	3197,01
400	2690,80	3145,74
401	2715,62	3184,20
402	2716,64	3159,17
403	2733,93	3167,31
404	2692,63	3176,26
405	2687,75	3210,44
406	2700,77	3144,32
407	2721,32	3152,66
408	2713,18	3156,93
409	2698,12	3161,81
410	2686,93	3213,09
411	2746,75	3183,38
412	2744,31	3267,82
413	2744,92	3242,59
414	2708,50	3216,34
415	2709,52	3221,63
416	2725,59	3209,42
417	2695,48	3190,81
418	2702,19	3170,77
419	2763,23	3125,60
420	2693,85	3209,22
421	2694,46	3210,44
422	2695,07	3248,08
423	2735,46	3369,35
424	2823,66	3285,32
425	2771,98	3255,61
426	2700,97	3232,21
427	2753,67	3279,21
428	2740,85	3267,82
429	2684,49	3295,69
430	2604,22	3388,57
431	1810,21	4475,57
432	1418,95	4693,69
433	1409,59	4700,40
434	1440,72	4698,37
435	1336,34	4728,28
436	1401,05	4689,82
437	1499,11	4718,31
438	1437,26	4725,02
439	1378,26	4677,82
440	1373,37	4708,54
441	1486,30	4724,41
442	1448,05	4665,20
443	1406,34	4657,67
444	1493,01	4732,04
445	1473,89	4684,12
446	1479,79	4743,74
447	1456,39	4718,92
448	1441,94	4677,21
449	1440,11	4677,61
450	1392,91	4650,55
451	1439,09	4642,82
452	1451,30	4618,81
453	1478,57	4615,76
454	1399,62	4617,59
455	1453,34	4621,25
456	1481,01	4629,80
457	1497,89	4623,70
458	1501,96	4659,91
459	1449,67	4699,99
460	1473,07	4681,68
461	1486,09	4636,51
462	1499,11	4592,97
463	1500,34	4543,12
464	1477,14	4555,64
465	1480,19	4484,12
466	1459,44	4532,75
467	1447,03	4482,08
468	1370,53	4563,67
469	1521,70	4495,11
470	1482,43	4430,20
471	1513,46	4459,20
472	1501,96	4472,12
473	1561,78	4455,23
474	1512,95	4467,03
475	1486,50	4453,80
476	1549,17	4468,45
477	1539,81	4464,79
478	1602,58	4391,75
479	1652,12	4394,60
480	1611,43	4349,83
481	1652,73	4336,81
482	1655,37	4380,76
483	1746,32	4357,97
484	1716,11	4273,03
485	1689,15	4295,31
486	1659,04	4263,36
487	1694,85	4265,80
488	1705,63	4290,42
489	1713,56	4285,13
490	1761,99	4303,85
491	1763,62	4209,04
492	1733,81	4219,31
493	1726,59	4205,99
494	1757,72	4142,71
495	1810,82	4161,02
496	1793,53	4119,92
497	1856,19	4155,73
498	1823,54	4176,59
499	1790,68	4108,93
500	1792,92	4140,27
501	1796,17	4144,95
502	1843,17	4130,30
503	1810,01	4077,40
504	1878,37	4128,67
505	1843,98	4157,66
506	1829,13	4110,97
507	1820,99	4117,28
508	1871,05	4056,85
509	1875,93	4091,44
510	1843,98	4097,54
511	1829,74	4106,09
512	1899,22	4084,11
513	2000,85	4048,30
514	1911,13	4064,99
515	1878,98	4091,44
516	1894,85	4095,51
517	1935,34	4070,28
518	1893,43	4037,11
519	1910,31	3931,11
520	2000,65	4002,73
521	1940,02	4048,71
522	1963,62	4056,44
523	2003,09	4041,18
524	1904,41	3998,66
525	1935,75	3982,79
526	1939,21	3883,90
527	1932,08	3986,65
528	1953,65	3995,61
529	1935,54	4027,55
530	1948,97	3953,08
531	1946,94	3938,43
532	1964,54	4020,63
533	1943,07	3975,46
534	1965,05	3913,81
535	1866,37	3887,77
536	1967,28	3908,52
537	1942,87	3946,16
538	1941,65	4022,67
539	1894,95	3944,64
540	1949,99	3952,88
541	2065,15	4001,91
542	2005,13	3965,70
543	1939,00	3973,83
544	1942,26	3949,22
545	1952,94	3968,75
546	1972,78	3955,32
547	1979,49	4001,30
548	1975,42	4004,56
549	1963,21	4046,88
550	1983,76	3928,67
551	1965,86	3920,32
552	1985,29	3901,61
553	2015,91	3932,74
554	1956,30	3879,63
555	1974,20	3909,54
556	1983,56	3939,86
557	2002,69	3938,03
558	1979,49	3970,38
559	2031,37	3984,62
560	2023,13	4028,57
561	2001,87	4004,15
562	2009,20	3934,16
563	2026,90	3936,60
564	2016,32	3896,11
565	2039,31	3899,16
566	1972,78	3986,45
567	2011,84	3934,36
568	2019,57	4008,63
569	2004,52	3928,26
570	1956,91	3978,51
571	1999,84	3963,86
572	1922,52	3935,58
573	2043,89	3948,30
574	2063,32	3945,35
575	2026,49	3900,99
576	2050,91	3932,33
577	2033,82	3949,42
578	1984,78	3922,16
579	2002,69	3970,27
580	2039,72	3904,25
581	2055,38	3866,81
582	1962,60	3870,68
583	2019,78	3858,88
584	2065,76	3911,98
585	2055,79	3946,37
586	2022,22	3917,48
587	2101,26	3882,07
588	2045,01	3915,64
589	2036,05	3932,94
590	2091,80	3833,85
591	2082,65	3843,41
592	2113,98	3864,98
593	2036,26	3856,44
594	2076,14	3890,41
595	2070,44	3871,09
596	2087,33	3857,66
597	2005,13	3901,40
598	2110,11	3914,83
599	2026,08	3906,69
600	2044,80	3879,63
601	1990,07	3907,71
602	2032,80	3899,77
603	2027,10	3847,48
604	2080,21	3894,69
605	2068,81	3951,05
606	2071,05	3901,40
607	2101,57	3897,33
608	2053,55	3899,98
609	2100,75	3879,43
610	2121,10	3902,62
611	2069,01	3905,06
612	2066,57	3862,34
613	2067,39	3898,35
614	2066,78	3893,67
615	2066,98	3861,52
616	2154,27	3841,99
617	2080,82	3889,60
618	1995,97	3897,94
619	2102,79	3869,46
620	2089,56	3894,89
621	2073,49	3807,00
622	2044,60	3868,85
623	2069,63	3861,93
624	2132,90	3869,66
625	2118,86	3835,48
626	2087,12	3875,77
627	2114,69	3915,03
628	2141,24	3926,43
629	2108,28	3913,41
630	2034,83	3910,15
631	2093,63	3881,26
632	2081,43	3847,28
633	2097,70	3845,04
634	2118,66	3840,87
635	2122,53	3842,40
636	2149,18	3828,77
637	2099,13	3867,22
638	2104,62	3827,34
639	2119,88	3830,39
640	2161,18	3850,54
641	2152,23	3875,36
642	2124,97	3839,55
643	2087,94	3815,74
644	2075,73	3837,72
645	2072,47	3812,49
646	2209,81	3863,15
647	2116,52	3873,83
648	2084,48	3846,26
649	2065,35	3840,57
650	2190,89	3863,56
651	2150,81	3786,24
652	2151,01	3770,78
653	2100,55	3847,89
654	2165,05	3760,30
655	2169,32	3796,01
656	2179,09	3826,93
657	2130,66	3818,80
658	2196,38	3825,31
659	2201,27	3827,95
660	2163,42	3843,82
661	2172,98	3862,54
662	2108,89	3918,09
663	2130,87	3838,53
664	2108,69	3839,96
665	2088,75	3869,25
666	2145,92	3849,93
667	2105,64	3847,69
668	2205,95	3871,70
669	2132,29	3903,03
670	2105,43	3859,90
671	2078,58	3844,84
672	2101,98	3876,78
673	2164,24	3849,11
674	2108,28	3846,26
675	2049,69	3915,64
676	2106,86	3792,96
677	2181,73	3836,50
678	2190,07	3825,71
679	2181,12	3866,81
680	2218,76	3788,07
681	2184,58	3776,07
682	2156,20	3833,55
683	2160,78	3752,67
684	2183,36	3808,01
685	2123,75	3822,87
686	2166,88	3791,13
687	2205,95	3745,96
688	2183,97	3763,35
689	2158,54	3812,29
690	2183,56	3761,01
691	2125,58	3791,53
692	2172,78	3757,55
693	2145,31	3792,75
694	2112,15	3808,42
695	2219,98	3771,59
696	2253,56	3787,46
697	2252,74	3770,78
698	2268,61	3713,20
699	2251,93	3761,22
700	2231,38	3786,65
701	2207,78	3718,49
702	2188,24	3786,55
703	2252,74	3792,55
704	2214,90	3741,28
705	2209,61	3741,07
706	2247,66	3710,96
707	2271,05	3713,61
708	2197,60	3748,40
709	2199,84	3776,78
710	2189,46	3787,67
711	2268,61	3743,51
712	2239,92	3750,23
713	2252,13	3717,47
714	2178,48	3723,78
715	2198,42	3786,04
716	2143,08	3751,45
717	2199,84	3725,20
718	2232,19	3743,11
719	2231,17	3760,00
720	2209,61	3787,26
721	2184,58	3806,79
722	2190,69	3730,70
723	2193,74	3778,92
724	2236,46	3780,54
725	2206,76	3770,17
726	2232,80	3724,59
727	2233,21	3733,54
728	2188,45	3754,09
729	2196,79	3805,77
730	2191,30	3791,53
731	2215,10	3784,82
732	2220,19	3793,57
733	2184,17	3748,60
734	2196,38	3760,81
735	2245,82	3725,81
736	2225,48	3769,76
737	2211,64	3687,56
738	2258,85	3733,14
739	2246,23	3730,29
740	2240,13	3697,13
741	2133,51	3658,67
742	2180,31	3725,00
743	2412,87	3734,66
744	2293,64	3731,10
745	2257,62	3670,67
746	2237,48	3741,48
747	2207,78	3747,58
748	2252,95	3766,71
749	2224,66	3706,08
750	2209,91	3638,22
751	2190,69	3752,06
752	2288,96	3801,50
753	2235,24	3712,59
754	2311,95	3694,48
755	2162,40	3707,71
756	2159,56	3694,99
757	2296,49	3688,38
758	2289,16	3710,55
759	2198,62	3692,24
760	2352,24	3735,17
761	2331,89	3719,10
762	2173,59	3713,61
763	2267,59	3714,22
764	2254,78	3723,68
765	2206,35	3721,54
766	2262,10	3722,15
767	2253,35	3761,83
768	2252,33	3844,03
769	2185,60	3735,58
770	2171,15	3746,26
771	2187,43	3739,85
772	2242,16	3815,74
773	2234,02	3825,92
774	2301,98	3878,00
775	2336,77	3904,25
776	2227,51	3838,33
777	2247,45	3878,72
778	2264,95	3904,05
779	2290,79	3931,92
780	2241,55	4017,78
781	2052,33	4159,60
782	2013,27	4175,47
783	2071,86	4176,89
784	2057,62	4114,63
785	2067,79	4077,19
786	2101,57	4000,28
787	2095,46	3955,73
788	2119,88	3993,16
789	2124,97	3973,22
790	2110,32	3939,65
791	2103,40	3988,89
792	2153,86	3931,72
793	2191,09	3946,37
794	2182,34	3915,64
795	2217,14	3959,19
796	2177,87	3987,87
797	2177,56	3977,90
798	2166,07	3972,21
799	2169,93	3941,89
800	2193,74	3942,91
801	2178,88	4000,49
802	2196,79	3961,42
803	2219,17	3899,57
804	2150,60	3891,84
805	2236,46	3882,99
806	2276,34	3896,11
807	2307,68	3873,93
808	2252,95	3787,67
809	2226,29	3721,74
810	2480,82	3835,68
811	2456,20	3669,66
812	2411,44	3615,74
813	2451,52	3599,87
814	2453,36	3552,67
815	2490,18	3441,37
816	2514,60	3452,16
817	2514,80	3482,27
818	2540,74	3358,97
819	2515,01	3439,74
820	2520,91	3424,69
821	2531,69	3455,82
822	2510,53	3507,50
823	2427,72	3475,76
824	2446,85	3471,28
825	2443,39	3467,62
826	2480,21	3495,29
827	2524,36	3475,55
828	2564,65	3515,64
829	2466,38	3543,31
830	2462,10	3559,18
831	2500,56	3600,28
832	2401,88	3572,61
833	2425,07	3593,77
834	2429,75	3606,58
835	2390,08	3581,15
836	2421,21	3620,42
837	2331,48	3626,12
838	2400,35	3638,83
839	2444,61	3637,31
840	2452,14	3625,30
841	2353,05	3686,75
842	2361,80	3650,74
843	2292,42	3685,12
844	2326,19	3681,05
845	2351,22	3624,79
846	2258,03	3666,61
847	2275,33	3700,99
848	2276,34	3745,35
849	2310,93	3752,06
850	2251,93	3765,08
851	2201,47	3819,00
852	2211,44	3822,56
853	2212,86	3805,57
854	2194,55	3791,13
855	2261,49	3757,35
856	2290,38	3781,36
857	2254,17	3802,93
858	2185,80	3790,31
859	2212,96	3769,15
860	2174,00	3782,99
861	2197,60	3892,45
862	2261,29	3797,43
863	2211,44	3788,48
864	2160,37	3785,43
865	2278,58	3825,31
866	2245,01	3808,22
867	2217,95	3755,93
868	2262,71	3768,34
869	2276,95	3822,66
870	2267,59	3802,52
871	2220,39	3837,92
872	2240,13	3760,00
873	2284,69	3788,89
874	2324,16	3765,90
875	2375,02	3701,60
876	2261,90	3706,28
877	2272,07	3797,43
878	2296,49	3765,90
879	2336,87	3761,83
880	2320,90	3784,41
881	2303,00	3796,62
882	2295,47	3763,25
883	2259,46	3811,88
884	2308,49	3749,01
885	2304,22	3760,20
886	2322,53	3727,03
887	2290,99	3730,29
888	2241,14	3742,29
889	2246,03	3762,64
890	2210,42	3804,96
891	2267,80	3812,08
892	2277,36	3787,46
893	2260,88	3806,18
894	2288,96	3766,91
895	2277,36	3775,46
896	2245,62	3755,72
897	2270,04	3743,51
898	2321,31	3771,19
899	2281,33	3747,48
900	2269,83	3733,75
901	2278,99	3776,48
902	2252,33	3773,63
903	2259,25	3792,75
904	2305,64	3778,92
905	2276,14	3736,60
906	2278,89	3748,09
907	2265,15	3807,81
908	2294,86	3809,03
909	2301,17	3755,52
910	2302,39	3773,42
911	2257,01	3758,98
912	2275,53	3739,45
913	2318,87	3733,75
914	2311,75	3742,90
915	2266,78	3704,45
916	2316,43	3721,13
917	2356,30	3692,65
918	2278,99	3641,17
919	2295,06	3708,72
920	2336,36	3767,32
921	2275,73	3746,77
922	2227,31	3773,22
923	2245,62	3705,47
924	2257,42	3733,95
925	2259,86	3707,71
926	2278,78	3722,76
927	2312,15	3730,39
928	2321,31	3740,46
929	2331,28	3677,39
930	2354,88	3734,77
931	2300,35	3747,79
932	2303,00	3725,61
933	2270,24	3726,42
934	2268,51	3730,70
935	2320,49	3710,35
936	2362,81	3709,74
937	2348,57	3695,09
938	2353,86	3694,48
939	2409,61	3695,70
940	2399,44	3746,57
941	2397,81	3703,43
942	2462,51	3644,43
943	2379,70	3594,17
944	2375,84	3599,06
945	2435,65	3639,14
946	2343,69	3608,82
947	2374,72	3622,05
948	2320,70	3727,85
949	2375,02	3643,61
950	2343,28	3671,69
951	2356,51	3648,50
952	2394,76	3683,90
953	2380,11	3673,32
954	2417,75	3650,13
955	2444,81	3655,62
956	2332,30	3699,97
957	2344,10	3664,57
958	2366,07	3746,77
959	2435,25	3692,45
960	2361,59	3698,35
961	2374,41	3682,68
962	2408,80	3713,20
963	2394,35	3672,91
964	2373,40	3636,70
965	2451,93	3624,29
966	2418,97	3589,09
967	2427,31	3614,32
968	2503,51	3605,57
969	2513,38	3614,93
970	2487,13	3571,79
971	2519,48	3541,48
972	2511,95	3615,54
973	2432,20	3592,34
974	2429,35	3545,14
975	2431,79	3613,09
976	2405,34	3718,90
977	2378,28	3708,72
978	2396,59	3717,47
979	2404,53	3670,27
980	2351,83	3655,62
981	2356,10	3695,60
982	2384,18	3694,68
983	2387,03	3662,13
984	2381,53	3623,47
985	2389,47	3630,39
986	2458,85	3667,22
987	2391,50	3638,12
988	2411,95	3616,86
989	2448,07	3719,51
990	2430,16	3720,52
991	2430,98	3660,30
992	2413,07	3686,54
993	2385,60	3676,98
994	2387,84	3631,81
995	2421,41	3617,16
996	2445,01	3575,86
997	2494,05	3546,77
998	2529,65	3624,69
999	2488,96	3656,23
1000	2452,54	3653,38
1001	2501,37	3659,89
1002	2496,29	3635,88
1003	2462,51	3609,84
1004	2496,29	3599,26
1005	2465,56	3580,54
1006	2492,62	3599,46
1007	2471,67	3571,39
1008	2393,74	3574,44
1009	2498,32	3600,07
1010	2464,95	3633,24
1011	2488,76	3638,93
1012	2494,46	3633,24
1013	2390,89	3614,32
1014	2460,88	3544,73
1015	2492,22	3560,40
1016	2481,64	3584,20
1017	2460,48	3624,29
1018	2475,74	3660,50
1019	2450,71	3681,46
1020	2451,32	3665,59
1021	2439,11	3722,76
1022	2422,94	3654,40
1023	2425,48	3571,79
1024	2465,56	3643,00
1025	2519,69	3621,03
1026	2534,54	3544,12
1027	2442,37	3579,93
1028	2456,61	3561,82
1029	2414,09	3528,96
1030	2552,24	3526,62
1031	2544,71	3515,64
1032	2539,83	3526,22
1033	2559,36	3540,46
1034	2443,79	3549,82
1035	2488,56	3487,15
1036	2549,90	3536,59
1037	2570,75	3524,39
1038	2445,01	3604,96
1039	2476,96	3561,21
1040	2462,10	3666,00
1041	2546,14	3629,17
1042	2534,64	3648,29
1043	2494,05	3648,09
1044	2428,33	3587,87
1045	2473,50	3574,84
1046	2500,15	3640,36
1047	2500,76	3586,44
1048	2516,84	3633,24
1049	2513,58	3592,75
1050	2531,08	3611,47
1051	2478,99	3575,05
1052	2565,87	3592,14
1053	2531,49	3565,08
1054	2508,90	3564,06
1055	2525,18	3600,07
1056	2509,31	3615,03
1057	2481,23	3566,50
1058	2572,99	3557,35
1059	2607,58	3493,66
1060	2606,16	3492,64
1061	2604,94	3480,64
1062	2528,03	3471,28
1063	2540,13	3506,68
1064	2550,20	3520,11
1065	2570,14	3571,39
1066	2532,71	3567,52
1067	2565,87	3537,81
1068	2540,85	3555,31
1069	2503,20	3574,13
1070	2482,04	3650,74
1071	2558,75	3657,86
1072	2567,91	3674,13
1073	2467,19	3615,54
1074	2480,82	3632,42
1075	2485,50	3642,80
1076	2417,75	3681,25
1077	2460,17	3681,25
1078	2477,57	3645,45
1079	2410,22	3677,19
1080	2443,18	3644,22
1081	2539,83	3600,07
1082	2514,80	3562,64
1083	2492,22	3574,74
1084	2538,40	3577,49
1085	2576,86	3574,84
1086	2575,84	3624,90
1087	2564,24	3603,33
1088	2474,11	3627,95
1089	2528,03	3621,44
1090	2529,76	3616,55
1091	2534,94	3567,11
1092	2525,59	3561,42
1093	2523,55	3596,00
1094	2491,81	3552,46
1095	2496,29	3558,77
1096	2585,81	3572,61
1097	2520,30	3597,02
1098	2559,77	3547,78
1099	2591,30	3526,42
1100	2556,51	3524,39
1101	2483,27	3562,23
1102	2501,78	3589,90
1103	2606,97	3582,68
1104	2591,10	3601,29
1105	2553,26	3595,80
1106	2506,87	3687,36
1107	2461,29	3649,51
1108	2493,85	3659,28
1109	2436,88	3666,81
1110	2486,72	3665,08
1111	2461,29	3651,14
1112	2448,47	3623,88
1113	2544,10	3690,82
1114	2461,49	3695,09
1115	2516,84	3617,16
1116	2522,53	3706,28
1117	2440,13	3633,64
1118	2440,94	3643,41
1119	2492,01	3610,04
1120	2576,65	3586,03
1121	2570,14	3536,59
1122	2588,25	3508,31
1123	2588,25	3562,64
1124	2545,93	3604,65
1125	2520,70	3540,87
1126	2547,56	3509,33
1127	2537,39	3525,61
1128	2528,64	3510,55
1129	2495,27	3556,94
1130	2571,36	3569,35
1131	2558,75	3604,96
1132	2513,17	3618,39
1133	2425,89	3589,49
1134	2506,26	3572,40
1135	2433,21	3605,16
1136	2534,94	3639,95
1137	2467,80	3615,94
1138	2446,44	3663,86
1139	2474,31	3641,38
1140	2502,59	3598,04
1141	2521,31	3650,33
1142	2452,54	3621,03
1143	2513,58	3622,66
1144	2477,98	3579,52
1145	2497,10	3596,41
1146	2551,83	3609,84
1147	2448,47	3631,41
1148	2546,75	3584,41
1149	2480,01	3573,62
1150	2478,99	3587,66
1151	2492,22	3612,89
1152	2540,64	3610,45
1153	2560,38	3599,06
1154	2512,77	3560,19
1155	2571,57	3524,79
1156	2561,40	3538,22
1157	2588,46	3504,45
1158	2558,44	3525,00
1159	2529,25	3439,74
1160	2527,01	3537,61
1161	2627,11	3532,32
1162	2604,53	3516,65
1163	2560,58	3537,61
1164	2556,92	3514,01
1165	2581,33	3536,29
1166	2534,94	3602,31
1167	2406,15	3642,60
1168	2445,42	3603,53
1169	2427,72	3595,39
1170	2466,58	3622,45
1171	2475,13	3593,97
1172	2420,19	3594,99
1173	2540,23	3645,04
1174	2516,23	3649,92
1175	2501,98	3607,60
1176	2477,16	3613,50
1177	2495,47	3551,04
1178	2513,38	3616,55
1179	2483,37	3647,07
1180	2475,53	3634,87
1181	2511,14	3558,36
1182	2447,66	3613,91
1183	2475,74	3569,15
1184	2512,97	3629,58
1185	2596,59	3628,76
1186	2522,94	3647,07
1187	2491,20	3602,72
1188	2543,08	3602,72
1189	2587,85	3508,31
1190	2561,19	3548,80
1191	2545,73	3509,13
1192	2529,45	3517,67
1193	2518,67	3527,84
1194	2569,94	3552,06
1195	2625,69	3551,24
1196	2563,23	3530,08
1197	2586,22	3534,97
1198	2595,37	3538,22
1199	2537,39	3551,85
1200	2603,31	3566,91
1201	2572,18	3584,41
1202	2584,18	3511,57
1203	2527,62	3629,98
1204	2494,46	3636,90
1205	2503,81	3615,94
1206	2488,56	3654,19
1207	2493,85	3661,52
1208	2548,17	3671,69
1209	2561,40	3608,42
1210	2506,87	3584,20
1211	2538,81	3584,41
1212	2562,41	3535,17
1213	2511,14	3577,79
1214	2455,80	3616,15
1215	2487,54	3623,68
1216	2516,43	3585,22
1217	2591,91	3683,49
1218	2650,92	3762,84
1219	2673,50	3619,91
1220	2579,71	3493,26
1221	2633,42	3558,36
1222	2631,18	3615,13
1223	2635,66	3675,76
1224	2563,43	3538,83
1225	2577,67	3669,86
1226	2580,11	3778,31
1227	2634,23	3862,34
1228	2553,66	3747,18
1229	2525,99	3693,67
1230	2534,54	3739,85
1231	2519,69	3715,03
1232	2520,70	3720,32
1233	2527,01	3706,89
1234	2573,20	3769,96
1235	2530,88	3896,52
1236	2327,62	4059,70
1237	2141,65	4216,77
1238	2104,21	4244,03
1239	2195,37	4196,42
1240	2203,50	4121,96
1241	2257,83	4123,18
1242	2339,42	4013,31
1243	2352,03	3974,04
1244	2317,65	3896,72
1245	2149,59	3909,13
1246	2110,72	3839,96
1247	2149,79	3835,68
1248	2087,73	3757,15
1249	2148,37	3753,08
1250	2218,76	3661,11
1251	2249,28	3709,54
1252	2187,63	3683,90
1253	2156,50	3735,58
1254	2167,29	3744,74
1255	2221,82	3786,65
1256	2182,55	3804,76
1257	2158,54	3759,79
1258	2160,78	3819,41
1259	2188,04	3770,37
1260	2214,49	3749,92
1261	2249,28	3817,78
1262	2256,40	3805,77
1263	2185,80	3751,86
1264	2213,27	3846,87
1265	2268,20	3890,21
1266	2209,61	3905,88
1267	2191,30	3904,66
1268	2180,31	3915,24
1269	2138,60	3954,10
1270	2161,18	4043,42
1271	2129,85	3910,35
1272	2075,93	3804,15
1273	2144,30	3798,75
1274	2166,88	3802,72
1275	2175,63	3758,77
1276	2142,67	3680,64
1277	2167,08	3636,70
1278	2191,91	3574,64
1279	2302,79	3552,67
1280	2284,07	3537,81
1281	2291,40	3486,85
1282	2265,15	3467,42
1283	2270,24	3434,66
1284	2336,57	3431,81
1285	2290,59	3442,39
1286	2306,05	3427,74
1287	2270,65	3423,06
1288	2318,66	3400,68
1289	2332,70	3461,51
1290	2294,45	3449,71
1291	2297,91	3469,45
1292	2289,36	3458,26
1293	2207,37	3512,58
1294	2226,70	3527,13
1295	2140,63	3567,72
1296	2152,23	3551,85
1297	2174,00	3636,49
1298	2073,08	3682,27
1299	2028,32	3710,15
1300	2056,71	3690,72
1301	2045,41	3758,98
1302	2057,21	3779,93
1303	1956,91	3786,45
1304	2004,92	3860,10
1305	1900,95	3888,99
1306	1902,18	3842,40
1307	1880,30	3731,92
1308	1903,40	3757,15
1309	2000,85	3719,51
1310	2042,56	3667,42
1311	2058,43	3604,35
1312	2075,12	3589,29
1313	2077,56	3645,45
1314	2137,58	3593,36
1315	2111,95	3589,29
1316	2120,08	3523,16
1317	2134,33	3517,26
1318	2173,39	3467,62
1319	2223,85	3538,22
1320	2206,35	3522,76
1321	2172,37	3543,00
1322	2240,33	3547,38
1323	2154,47	3557,35
1324	2138,60	3614,11
1325	2153,86	3736,60
1326	2082,85	3720,52
1327	1973,39	3768,74
1328	1976,44	3697,74
1329	1990,88	3754,09
1330	2058,03	3765,49
1331	2057,42	3705,47
1332	2096,89	3621,64
1333	2159,96	3656,64
1334	2111,95	3682,07
1335	2104,62	3614,11
1336	2090,99	3633,64
1337	2129,65	3571,18
1338	2158,54	3535,98
1339	2204,72	3547,58
1340	2169,93	3605,16
1341	2213,68	3595,80
1342	2275,22	3594,58
1343	2210,62	3511,97
1344	2179,90	3530,69
1345	2183,97	3568,33
1346	2199,23	3584,20
1347	2148,77	3531,51
1348	2227,92	3521,94
1349	2207,47	3532,01
1350	2214,29	3578,30
1351	2143,69	3590,10
1352	2127,82	3644,22
1353	2131,27	3654,40
1354	2096,69	3671,08
1355	2065,56	3691,33
1356	2082,85	3708,52
1357	2066,98	3758,57
1358	2018,35	3753,48
1359	1963,01	3828,36
1360	2004,72	3825,10
1361	2009,60	3783,39
1362	2059,45	3743,82
1363	2070,85	3674,34
1364	2073,29	3584,81
1365	2174,00	3627,95
1366	2179,70	3601,90
1367	2171,56	3544,53
1368	2220,80	3600,68
1369	2210,22	3622,96
1370	2183,97	3535,37
1371	2207,98	3570,16
1372	2204,32	3612,89
1373	2234,84	3633,03
1374	2201,88	3649,92
1375	2176,95	3626,32
1376	2159,96	3630,80
1377	2163,42	3680,03
1378	2119,07	3712,18
1379	2064,13	3687,56
1380	2040,94	3715,44
1381	2055,99	3725,61
1382	2079,80	3733,34
1383	2060,37	3712,69
1384	2117,85	3682,88
1385	2153,45	3684,31
1386	2142,46	3690,00
1387	2199,03	3641,99
1388	2127,00	3596,61
1389	2135,45	3578,10
1390	2188,85	3646,26
1391	2170,75	3618,39
1392	2145,31	3604,75
1393	2157,93	3553,07
1394	2164,44	3553,07
1395	2207,98	3634,05
1396	2225,17	3636,09
1397	2214,29	3588,07
1398	2208,39	3586,44
1399	2201,88	3618,59
1400	2204,93	3630,39
1401	2204,32	3622,05
1402	2215,91	3587,87
1403	2205,64	3623,27
1404	2178,48	3652,36
1405	2142,87	3644,22
1406	2079,80	3685,93
1407	2091,80	3760,61
1408	2119,27	3749,62
1409	2162,61	3679,63
1410	2167,49	3633,03
1411	2194,35	3686,75
1412	2213,88	3624,49
1413	2224,05	3625,30
1414	2226,70	3599,26
1415	2256,40	3593,97
1416	2264,54	3566,71
1417	2246,84	3586,03
1418	2276,55	3538,02
1419	2403,30	3501,19
1420	2337,18	3504,65
1421	2305,85	3536,59
1422	2324,77	3530,29
1423	2285,91	3538,42
1424	2221,41	3533,13
1425	2157,32	3579,73
1426	2119,47	3608,82
1427	2109,91	3734,16
1428	2125,78	3763,86
1429	1976,03	3763,45
1430	2182,45	3714,83
1431	2205,74	3632,02
1432	2232,19	3644,22
1433	2248,67	3638,53
1434	2257,22	3613,71
1435	2222,43	3589,49
1436	2207,57	3604,14
1437	2294,15	3604,35
1438	2257,83	3573,42
1439	2166,88	3598,45
1440	2193,13	3601,09
1441	2198,62	3600,28
1442	2204,32	3622,05
1443	2268,20	3579,32
1444	2247,45	3584,20
1445	2255,59	3616,76
1446	2238,30	3603,74
1447	2266,98	3622,25
1448	2253,56	3601,50
1449	2287,13	3598,85
1450	2216,32	3590,31
1451	2281,43	3540,46
1452	2304,01	3549,41
1453	2321,11	3483,49
1454	2374,21	3491,02
1455	2305,24	3505,87
1456	2327,01	3499,16
1457	2352,74	3464,87
1458	2299,54	3509,13
1459	2274,72	3544,12
1460	2308,69	3497,32
1461	2411,65	3500,38
1462	2312,97	3530,90
1463	2308,69	3512,38
1464	2370,75	3533,74
1465	2259,05	3551,24
1466	2201,67	3582,78
1467	2246,23	3607,40
1468	2243,18	3661,72
1469	2229,55	3687,97
1470	2147,75	3714,83
1471	2216,93	3656,23
1472	2212,86	3679,22
1473	2193,94	3602,92
1474	2240,53	3626,93
1475	2354,27	3593,56
1476	2367,29	3533,95
1477	2361,39	3457,85
1478	2365,87	3485,32
1479	2405,14	3492,85
1480	2441,56	3492,03
1481	2369,73	3487,97
1482	2424,06	3429,16
1483	2458,85	3415,74
1484	2378,48	3400,27
1485	2420,19	3409,02
1486	2373,40	3473,72
1487	2349,59	3485,93
1488	2363,63	3443,20
1489	2400,86	3517,47
1490	2350,40	3477,59
1491	2429,96	3517,67
1492	2416,33	3555,11
1493	2417,14	3587,05
1494	2372,38	3571,79
1495	2308,90	3579,32
1496	2377,26	3635,68
1497	2342,47	3648,70
1498	2365,26	3681,87
1499	2393,33	3752,37
1500	2288,96	3744,33
1501	2342,27	3693,06
1502	2388,45	3755,72
1503	2394,35	3738,83
1504	2347,15	3714,01
1505	2360,37	3713,00
1506	2278,78	3711,16
1507	2321,11	3690,61
1508	2355,90	3743,72
1509	2319,48	3709,94
1510	2366,88	3698,55
1511	2328,02	3694,99
1512	2267,39	3688,99
1513	2315,61	3677,59
1514	2350,61	3693,46
1515	2365,66	3663,96
1516	2406,97	3662,13
1517	2377,67	3639,55
1518	2369,33	3683,90
1519	2439,11	3653,79
1520	2369,12	3648,50
1521	2420,19	3666,00
1522	2379,30	3646,06
1523	2392,32	3656,43
1524	2463,73	3688,99
1525	2420,80	3711,77
1526	2353,66	3681,26
1527	2409,20	3738,83
1528	2364,85	3763,45
1529	2294,45	3738,63
1530	2337,18	3748,60
1531	2302,39	3721,95
1532	2332,91	3667,83
1533	2395,47	3626,32
1534	2386,42	3645,04
1535	2406,56	3639,95
1536	2450,91	3610,65
1537	2430,98	3588,27
1538	2346,13	3605,57
1539	2288,96	3637,92
1540	2460,88	3615,74
1541	2447,86	3590,10
1542	2398,42	3626,12
1543	2408,59	3631,41
1544	2401,07	3606,99
1545	2478,79	3651,96
1546	2429,96	3620,62
1547	2325,78	3672,10
1548	2375,43	3625,30
1549	2350,40	3688,17
1550	2374,21	3634,87
1551	2346,95	3631,20
1552	2317,04	3660,81
1553	2285,09	3681,25
1554	2418,56	3611,06
1555	2461,90	3579,93
1556	2411,24	3590,31
1557	2459,87	3551,45
1558	2464,75	3552,46
1559	2470,85	3555,21
1560	2406,76	3533,74
1561	2508,49	3545,75
1562	2470,45	3530,69
1563	2492,62	3569,96
1564	2471,26	3552,67
1565	2519,28	3643,00
1566	2605,75	3743,51
1567	2623,45	3680,03
1568	2548,98	3694,48
1569	2463,12	3711,57
1570	2328,63	3694,89
1571	2338,40	3672,71
1572	2326,40	3710,96
1573	2295,37	3692,24
1574	2325,99	3690,00
1575	2402,69	3713,00
1576	2307,88	3615,74
1577	2363,63	3593,36
1578	2430,98	3568,94
1579	2433,62	3594,88
1580	2405,75	3613,30
1581	2436,06	3582,37
1582	2469,02	3548,19
1583	2475,53	3518,89
1584	2458,44	3500,99
1585	2500,15	3500,78
1586	2464,14	3520,42
1587	2546,14	3499,77
1588	2446,64	3517,06
1589	2511,14	3561,62
1590	2446,44	3582,98
1591	2409,41	3592,14
1592	2471,46	3605,57
1593	2435,45	3627,54
1594	2463,53	3650,33
1595	2452,75	3572,00
1596	2520,09	3607,40
1597	2447,25	3607,80
1598	2414,90	3681,25
1599	2393,74	3633,85
1600	2413,27	3643,21
1601	2352,13	3635,78
1602	2348,37	3605,97
1603	2383,98	3664,98
1604	2381,33	3686,14
1605	2426,91	3632,22
1606	2393,33	3657,65
1607	2409,20	3622,66
1608	2446,85	3675,15
1609	2474,52	3643,00
1610	2314,19	3603,33
1611	2476,35	3551,85
1612	2532,91	3672,51
1613	2458,85	3598,45
1614	2433,31	3549,41
1615	2434,43	3497,93
1616	2442,78	3538,83
1617	2477,36	3546,36
1618	2522,94	3530,49
1619	2596,39	3621,44
1620	2570,55	3700,58
1621	2527,62	3772,81
1622	2560,58	3741,07
1623	2555,49	3707,50
1624	2597,81	3634,05
1625	2543,69	3661,11
1626	2550,81	3667,42
1627	2387,43	3961,02
1628	2101,57	4235,18
1629	1933,51	4478,02
1630	1804,11	4598,67
1631	1739,00	4671,10
1632	1666,16	4697,96
1633	1659,24	4813,53
1634	1648,05	4802,84
1635	1604,31	4743,33
1636	1603,69	4568,15
1637	979,47	1492,20
1638	835,62	1238,28
1639	826,06	1264,32
1640	822,19	1318,44
1641	830,33	1263,30
1642	847,52	1221,69
1643	873,26	1246,41
1644	859,02	1215,28
1645	891,17	1287,92
1646	898,90	1327,80
1647	911,11	1388,84
1648	868,79	1359,74
1649	918,33	1299,82
1650	920,47	1287,72
1651	908,67	1273,07
1652	866,96	1240,51
1653	874,08	1181,71
1654	839,69	1101,55
1655	855,46	1067,57
1656	870,41	1013,65
1657	853,32	1011,62
1658	825,25	991,47
1659	811,82	1004,09
1660	857,39	968,08
1661	855,36	963,60
1662	832,57	968,48
1663	851,49	970,31
1664	852,10	939,08
1665	866,96	944,27
1666	886,49	938,37
1667	877,74	970,93
1668	860,24	976,83
1669	883,03	965,23
1670	861,26	933,28
1671	826,26	986,39
1672	863,50	939,80
1673	866,75	919,65
1674	883,44	927,79
1675	870,01	922,30
1676	861,46	903,58
1677	882,93	901,85
1678	872,86	899,31
1679	870,62	904,39
1680	858,61	909,68
1681	914,97	939,80
1682	857,19	902,77
1683	870,82	920,47
1684	871,64	949,15
1685	935,93	933,49
1686	877,33	913,55
1687	859,63	910,09
1688	893,61	932,06
1689	882,22	910,70
1690	902,77	929,62
1691	855,77	913,14
1692	866,14	901,75
1693	901,75	903,38
1694	909,89	902,77
1695	904,39	919,25
1696	907,24	936,74
1697	889,95	909,48
1698	853,32	907,34
1699	870,41	927,99
1700	920,26	931,66
