Time	CFP	YFP	
Seconds	mV	mV	
			
0	2918,88	3012,27
1	2983,58	3014,30
2	3016,34	3032,41
3	2964,25	3030,78
4	2991,31	3031,80
5	2975,34	3031,19
6	3009,01	3041,97
7	2962,01	3040,75
8	2989,07	3008,81
9	2980,12	3031,60
10	2985,82	3044,62
11	2965,88	3034,45
12	2978,09	3034,24
13	2987,45	3022,24
14	3001,08	3038,72
15	3004,13	3044,21
16	3005,35	3038,31
17	3017,15	3040,96
18	2940,24	3030,89
19	2961,61	3052,35
20	2966,90	3059,88
21	2997,42	3048,89
22	3017,36	3012,27
23	2994,77	3023,26
24	2970,76	3047,06
25	2950,01	3042,18
26	2962,01	3044,01
27	3009,83	3049,10
28	2979,51	3036,68
29	2920,30	3046,86
30	2972,19	3031,60
31	2994,16	3021,83
32	2969,85	3020,20
33	2975,65	3002,10
34	2935,56	3022,65
35	2917,05	3047,87
36	2915,83	3063,34
37	2949,81	3041,16
38	3016,13	3034,85
39	2999,15	3040,35
40	2990,91	3017,76
41	2984,60	3025,09
42	2964,66	3061,51
43	2961,61	3037,09
44	2901,18	3016,34
45	2946,35	3084,91
46	2963,74	3040,35
47	2931,09	3072,09
48	2947,97	3051,94
49	2933,73	3053,98
50	2956,11	3034,65
51	2934,14	3008,61
52	2927,83	3011,86
53	2946,96	3025,09
54	2928,04	3035,46
55	2940,24	3029,97
56	2968,73	3065,58
57	2892,43	3054,59
58	2940,24	3043,40
59	2950,01	3036,48
60	2957,03	3038,52
61	2973,81	3038,92
62	2947,57	3016,75
63	2938,21	3038,31
64	2922,13	3046,45
65	2966,08	3044,42
66	2956,42	3031,80
67	2982,36	3047,06
68	2913,59	3043,81
69	2969,75	3066,39
73	2878,59	3026,31
73	2878,59	3026,31
73	2878,59	3026,31
73	2878,59	3023,26
74	2916,44	3023,87
75	2924,37	3039,33
76	2930,27	3057,64
77	2943,29	3045,03
78	2959,78	3035,46
79	2929,05	3036,68
80	2951,23	3063,54
81	2938,62	3074,94
82	2904,43	3032,62
83	2906,47	3022,85
84	2948,79	3015,93
85	2939,84	3035,46
86	2936,17	3063,34
87	2936,28	3052,55
88	2928,04	2997,01
89	2941,26	3054,39
90	2922,13	3061,71
91	2922,75	3040,75
92	2925,59	3000,88
93	2901,18	3011,05
94	2934,14	3028,55
95	2910,03	3033,02
96	2939,02	3005,96
97	2927,83	3022,24
98	2882,87	3042,38
99	2886,73	2981,14
100	2942,28	3024,07
101	2904,23	3014,41
102	2872,29	3022,85
103	2949,60	3026,71
104	2911,15	3041,36
105	2899,35	3013,49
106	2861,30	3020,61
107	2902,40	3004,33
108	2965,88	3009,83
109	3010,23	3013,90
110	2896,91	3024,88
111	2939,43	3040,96
112	2962,62	3015,12
113	2926,00	3053,98
114	2891,82	3027,94
115	2942,07	3006,17
116	2959,17	3025,09
117	2905,04	3014,10
118	2895,28	3027,12
119	2914,81	3040,14
120	2952,86	3027,33
121	2978,90	3030,58
122	2975,34	3037,60
123	2932,10	3038,72
124	2952,25	3043,40
125	2944,52	3026,71
126	2917,86	3023,05
127	2914,81	3013,29
128	2901,18	2998,54
129	2918,47	3038,72
130	2945,53	3040,75
131	2919,69	3035,46
132	2935,16	3031,39
133	2967,71	2997,62
134	2917,25	3022,04
135	2917,35	3013,49
136	2889,38	3017,56
137	2908,50	3008,40
138	2943,09	2993,14
139	2932,51	3042,38
140	2940,65	3022,65
141	2956,32	3004,74
142	2876,56	3017,56
143	2914,91	2993,35
144	2946,35	3007,18
145	2951,64	3054,18
146	2927,63	3017,56
147	2934,55	3012,27
148	2887,95	3061,71
149	2925,59	3037,29
150	2938,41	3018,37
151	2913,39	3015,32
152	2896,91	3014,51
153	2896,70	3045,84
154	2870,86	3046,45
155	2864,55	3038,52
156	2934,75	3041,57
157	2906,26	3031,19
158	2897,92	2990,50
159	2882,66	3016,34
160	2912,37	3026,92
161	2886,33	3025,90
162	2936,78	2995,38
163	2930,78	2979,00
164	2916,64	3006,17
165	2904,84	3014,10
166	2872,49	3037,09
167	2869,03	3026,92
168	2892,02	3028,14
169	2880,02	3016,95
170	2937,80	3023,26
171	2950,42	3023,87
172	2923,56	3044,42
173	2943,91	3042,99
174	2931,09	3013,49
175	2905,04	2994,57
176	2907,28	3010,44
177	2922,13	3023,46
178	2907,89	3021,02
179	2913,59	3011,66
180	2894,26	2981,75
181	2889,58	3015,32
182	2919,69	3008,61
183	2905,76	2989,99
184	2854,59	3042,18
185	2919,90	3013,08
186	2899,96	3017,76
187	2882,87	3040,55
188	2898,74	3013,08
189	2921,93	3006,17
190	2913,18	2994,57
191	2873,30	3026,10
192	2899,96	3020,81
193	2896,09	2993,75
194	2892,84	3012,47
195	2872,69	2974,02
196	2917,05	3001,89
197	2914,61	2993,04
198	2880,83	2973,00
199	2879,00	2978,90
200	2920,51	2975,24
201	2938,41	3007,18
202	2919,49	2996,60
203	2876,15	2945,13
204	2944,31	2969,34
205	2866,79	3009,01
206	2882,46	2985,62
207	2864,76	2964,05
208	2895,68	2987,85
209	2878,39	3011,46
210	2900,57	2998,43
211	2903,62	2979,31
212	2936,38	2991,31
213	2931,70	3002,71
214	2885,31	2983,17
215	2897,52	2981,75
216	2904,64	3006,57
217	2912,78	3001,59
218	2875,95	2959,98
219	2867,40	2991,31
220	2895,48	2998,84
221	2915,01	2991,52
222	2919,90	3018,98
223	2892,02	3023,46
224	2876,15	3008,61
225	2936,99	2986,02
226	2946,96	2966,29
227	2875,75	2987,24
228	2891,21	2993,75
229	2856,82	2976,26
230	2932,31	2995,38
231	2911,55	3008,30
232	2872,90	2992,74
233	2894,87	3019,39
234	2885,51	3023,66
235	2858,04	2973,61
236	2911,76	3009,42
237	2928,04	3004,33
238	2915,62	2994,16
239	2882,26	2998,64
240	2878,80	3002,71
241	2877,58	3030,99
242	2871,47	2981,14
243	2872,49	3010,44
244	2901,48	3001,59
245	2877,17	3012,68
246	2866,79	2998,43
247	2934,95	2992,13
248	2951,23	3005,55
249	2950,82	3036,07
250	2908,30	3058,05
251	2920,71	3085,52
252	2946,35	3060,49
253	2927,22	3038,72
254	2962,83	3047,06
255	2913,39	3065,78
256	2915,83	3013,29
257	2563,84	3525,61
258	1603,49	4392,05
259	1346,92	4555,94
260	1280,39	4576,49
261	1310,30	4542,31
262	1418,14	4501,82
263	1453,54	4428,57
264	1543,06	4410,06
265	1596,57	4296,12
266	1683,86	4199,88
267	1761,58	4176,89
268	1794,34	4146,37
269	1777,05	4127,25
270	1807,16	4066,82
271	1840,02	4053,59
272	1870,84	4056,44
273	1939,00	3993,98
274	1920,69	3966,31
275	1970,13	3933,75
276	2046,43	3852,57
277	2128,43	3793,97
278	2171,15	3770,98
279	2192,31	3752,47
280	2228,53	3718,08
281	2274,92	3715,64
282	2277,56	3676,58
283	2328,63	3635,48
284	2346,33	3584,81
285	2354,88	3544,22
286	2397,81	3513,80
287	2454,78	3467,42
288	2442,17	3414,31
289	2507,68	3403,53
290	2548,98	3353,68
291	2605,34	3285,11
292	2601,17	3248,49
293	2605,14	3228,96
294	2664,14	3197,83
295	2624,06	3199,66
296	2674,32	3154,90
297	2713,59	3108,71
298	2700,77	3105,05
299	2697,61	3053,78
300	2758,55	3105,86
301	2770,15	3075,55
302	2738,81	3054,59
303	2770,76	3024,07
304	2777,07	3041,77
305	2826,30	3056,22
306	2801,68	3047,06
307	2749,39	2993,96
308	2776,05	2987,04
309	2813,49	3050,52
310	2797,41	3020,41
311	2743,09	3041,77
312	2831,90	3043,70
313	2828,75	3038,11
314	2823,25	3041,57
315	2796,60	3012,88
316	2718,88	3004,33
317	2791,72	3020,61
318	2771,78	3036,07
319	2799,85	3019,90
320	2826,10	3002,10
321	2792,12	3011,05
322	2860,89	2999,45
323	2854,79	3018,98
324	2819,18	2997,62
325	2810,03	3017,56
326	2826,41	3062,93
327	2810,84	3064,97
328	2801,28	3043,60
329	2836,07	3036,07
330	2802,09	3026,31
331	2816,54	3007,39
332	2824,88	3007,39
333	2832,51	3012,27
334	2841,16	2997,62
335	2794,36	3017,97
336	2892,02	3012,27
337	2825,29	3023,05
338	2835,05	3049,91
339	2838,51	3002,91
340	2803,21	2991,82
341	2861,91	3015,12
342	2841,16	3012,88
343	2872,29	3015,32
344	2918,88	3058,05
345	2890,60	3016,54
346	2861,50	2996,40
347	2849,29	3037,09
348	2887,95	3014,91
349	2892,84	2992,94
350	2861,91	2996,20
351	2852,35	2991,72
352	2939,84	3096,71
353	2999,65	3112,58
354	2819,39	3017,15
355	2818,17	2990,29
356	2881,44	3012,47
357	2835,66	3013,90
358	2870,86	3024,27
359	2841,97	3055,81
360	2872,18	3053,17
361	2842,17	3016,34
362	2818,57	2998,23
363	2841,56	2995,79
364	2794,16	3047,67
365	2857,43	3034,45
366	2893,65	3025,90
367	2889,58	3014,10
368	2905,25	3027,33
369	2825,69	3026,10
370	2853,97	3051,33
371	2864,15	3057,84
372	2901,79	3034,45
373	2851,13	3040,35
374	2853,57	3069,03
375	2801,07	3024,88
376	2808,40	3009,22
377	2830,98	3055,61
378	2838,51	3050,11
379	2857,03	3073,71
380	2835,05	3092,64
381	2837,70	3077,89
382	2820,40	3045,64
383	2853,36	3063,13
384	2814,91	3090,81
385	2813,28	3083,07
386	2833,42	3059,47
387	2853,26	3075,44
388	2836,27	3084,91
389	2849,50	3117,87
390	2821,22	3075,75
391	2802,91	3061,10
392	2790,09	3100,57
393	2825,90	3110,34
394	2833,42	3115,42
395	2823,25	3097,93
396	2845,43	3095,49
397	2831,59	3115,22
398	2841,56	3084,91
399	2807,18	3106,47
400	2847,67	3079,00
401	2866,39	3060,49
402	2848,89	3058,45
403	2851,33	3048,69
404	2846,45	3101,59
405	2832,61	3112,17
406	2817,35	3084,09
407	2846,45	3105,45
408	2810,84	3139,23
409	2800,26	3139,64
410	2742,88	3164,46
411	2799,85	3117,66
412	2856,62	3141,06
413	2827,73	3133,53
414	2800,77	3138,01
415	2802,09	3152,05
416	2758,35	3158,97
417	2782,56	3101,39
418	2807,58	3139,43
419	2791,51	3185,01
420	2807,79	3150,01
421	2842,89	3138,92
422	2869,64	3119,49
423	2843,39	3140,65
424	2796,19	3106,47
425	2802,50	3115,83
426	2797,62	3145,33
427	2758,96	3120,51
428	2747,97	3155,71
429	2788,87	3164,46
430	2782,15	3162,83
431	2788,66	3171,78
432	2808,60	3179,92
433	2745,94	3163,85
434	2726,00	3164,56
435	2787,04	3182,77
436	2753,26	3215,32
437	2694,26	3195,79
438	2728,44	3208,41
439	2740,85	3215,12
440	2706,67	3234,65
441	2712,36	3228,75
442	2714,70	3162,42
443	2718,06	3198,44
444	2686,12	3182,97
445	2703,21	3183,58
446	2734,14	3178,50
447	2756,92	3197,22
448	2786,73	3173,41
449	2755,91	3158,36
450	2721,52	3181,75
451	2741,26	3155,30
452	2754,48	3191,11
453	2759,57	3177,07
454	2763,43	3173,82
455	2736,17	3173,21
456	2766,28	3158,76
457	2773,61	3151,84
458	2774,83	3145,13
459	2722,74	3157,13
460	2795,58	3153,07
461	2722,33	3145,54
462	2717,15	3138,01
463	2782,36	3135,77
464	2785,00	3154,90
465	2777,68	3144,11
466	2733,73	3181,75
467	2749,60	3195,18
468	2742,07	3224,07
469	2693,95	3169,44
470	2746,55	3179,92
471	2713,18	3201,08
472	2715,01	3153,88
473	2758,35	3187,45
474	2743,09	3179,72
475	2722,94	3158,46
476	2807,99	3148,39
477	2806,36	3140,65
478	2741,46	3146,55
479	2771,98	3133,13
480	2776,25	3140,04
481	2781,75	3113,80
482	2760,99	3106,68
483	2784,90	3134,35
484	2790,29	3172,80
485	2766,69	3162,22
486	2779,71	3163,03
487	2768,72	3189,28
488	2703,21	3194,37
489	2729,96	3202,71
490	2726,00	3194,37
491	2734,54	3192,13
492	2734,14	3178,09
493	2702,39	3168,73
494	2721,93	3202,10
495	2754,48	3205,56
496	2772,39	3184,40
497	2755,30	3154,69
498	2751,63	3146,96
499	2750,82	3153,88
500	2742,48	3136,38
501	2797,82	3118,48
502	2771,78	3132,52
503	2787,65	3143,30
504	2730,27	3147,37
505	2809,21	3140,86
506	2784,39	3130,28
507	2770,35	3128,24
508	2826,10	3159,78
509	2773,61	3095,28
510	2781,54	3127,43
511	2867,20	3130,28
512	2813,69	3111,76
513	2767,50	3191,32
514	2794,56	3196,20
515	2785,00	3229,57
516	2768,11	3186,23
517	2764,45	3196,00
518	2754,48	3164,66
519	2757,74	3207,19
520	2777,68	3198,84
521	2736,98	3207,59
522	2801,48	3434,66
523	2559,97	3599,77
524	2092,82	4042,60
525	1799,22	4283,51
526	1702,37	4314,43
527	1773,99	4239,35
528	1940,22	4069,87
529	2053,55	3960,00
530	2127,82	3887,87
531	2211,24	3825,10
532	2332,91	3743,51
533	2368,31	3720,73
534	2389,47	3655,42
535	2444,20	3584,81
536	2468,11	3545,14
537	2539,62	3545,75
538	2536,78	3463,96
539	2499,54	3502,61
540	2473,30	3504,85
541	2566,89	3477,79
542	2597,41	3404,34
543	2576,15	3370,57
544	2637,29	3312,38
545	2667,60	3294,68
546	2719,89	3324,99
547	2706,46	3300,78
548	2684,69	3244,22
549	2721,11	3206,78
550	2747,97	3195,69
551	2715,82	3233,84
552	2717,25	3250,12
553	2730,27	3332,11
554	2682,46	3317,46
555	2718,47	3290,20
556	2621,82	3210,03
557	2708,91	3184,40
558	2759,16	3157,74
559	2766,49	3096,10
560	2752,85	3080,23
561	2747,16	3063,54
562	2753,87	3053,78
563	2751,02	3033,02
564	2765,98	3024,48
565	2781,14	3032,21
566	2795,78	3036,89
567	2727,62	3009,42
568	2690,19	2990,91
569	2709,72	3077,99
570	2755,30	3043,60
571	2750,41	3008,00
572	2767,10	3052,15
573	2728,84	3032,00
574	2684,69	3048,08
575	2683,47	3093,04
576	2705,45	3084,50
577	2728,44	3030,58
578	2702,80	3067,61
579	2722,94	3079,82
580	2675,54	3061,91
581	2626,71	3045,43
582	2665,36	3076,56
583	2695,27	3056,42
584	2646,44	3084,50
585	2668,31	3083,07
586	2625,08	3073,71
587	2663,53	3091,62
588	2655,60	3076,16
589	2615,52	3082,67
590	2632,40	3084,09
591	2658,85	3065,07
592	2631,18	3079,00
593	2662,52	3093,04
594	2709,72	3087,35
595	2697,92	3088,36
596	2641,56	3066,80
597	2648,88	3114,00
598	2663,74	3094,37
599	2645,02	3107,69
600	2666,59	3110,13
601	2616,94	3107,69
602	2661,70	3106,27
603	2638,51	3076,56
604	2642,98	3133,94
605	2611,85	3133,74
606	2621,21	3122,95
607	2653,97	3102,00
608	2660,07	3089,18
609	2674,32	3100,16
610	2653,77	3110,54
611	2629,55	3104,13
612	2658,04	3073,51
613	2661,70	3105,66
614	2601,48	3107,49
615	2626,91	3107,90
616	2661,09	3091,82
617	2667,60	3091,42
618	2617,35	3091,21
619	2634,74	3065,37
620	2657,23	3096,50
621	2659,06	3067,00
622	2648,07	3082,87
623	2651,33	3116,65
624	2710,53	3081,85
625	2673,20	3051,33
626	2672,89	3092,23
627	2665,77	3102,00
628	2652,75	3113,19
629	2635,86	3121,94
630	2700,36	3105,66
631	2677,17	3100,16
632	2655,80	3108,41
633	2638,71	3095,49
634	2637,29	3108,10
635	2641,76	3087,14
636	2614,91	3104,23
637	2647,05	3142,08
638	2659,67	3124,58
639	2668,62	3098,03
640	2638,71	3086,74
641	2649,29	3084,91
642	2637,29	3098,33
643	2628,74	3088,16
644	2645,63	3096,50
645	2629,25	3096,20
646	2644,20	3100,78
647	2582,96	3091,62
648	2627,11	3060,69
649	2644,20	3063,54
650	2648,68	3117,66
651	2649,49	3116,24
652	2655,39	3077,38
653	2646,65	3079,72
654	2678,18	3094,26
655	2672,89	3097,52
656	2668,62	3102,00
657	2665,16	3112,17
658	2688,15	3042,18
659	2699,75	3036,38
660	2736,37	3043,40
661	2685,51	3036,07
662	2646,04	3105,25
663	2662,11	3087,35
664	2677,98	3056,83
665	2704,43	3046,86
666	2722,33	3051,33
667	2697,10	3041,77
668	2701,38	3041,16
669	2665,57	3070,87
670	2708,70	3071,88
671	2640,14	3055,81
672	2703,01	3070,66
673	2708,30	3046,45
674	2701,58	3080,63
675	2712,16	3047,47
676	2724,17	3051,74
677	2700,77	3043,40
678	2676,35	3044,82
679	2718,06	3032,00
680	2709,21	3023,26
681	2700,56	3059,27
682	2710,13	3077,78
683	2740,24	3056,22
684	2659,26	3025,90
685	2662,92	3072,90
686	2669,54	3108,10
687	2671,47	3073,92
688	2677,98	3072,70
689	2696,09	3104,44
690	2707,07	3037,09
691	2682,46	3063,54
692	2700,36	3078,80
693	2672,28	3048,28
694	2647,26	3043,40
695	2662,92	3075,95
696	2666,38	3089,38
697	2679,00	3054,79
698	2698,12	3092,23
699	2655,80	3082,06
700	2685,10	3080,02
701	2688,97	3090,20
702	2708,50	3044,01
703	2646,04	3051,74
704	2642,58	3041,57
705	2648,07	3065,58
706	2674,72	3070,56
707	2695,07	3103,62
708	2677,37	3099,15
709	2695,68	3083,68
710	2714,81	3083,28
711	2710,53	3068,63
712	2718,26	3042,18
713	2684,29	3006,78
714	2648,78	3047,37
715	2641,36	3028,95
716	2695,27	3043,40
717	2715,82	3066,59
718	2664,14	3076,16
719	2687,75	3042,58
720	2694,87	3025,70
721	2689,58	3047,26
722	2709,31	3036,68
723	2745,12	3046,25
724	2687,75	3062,12
725	2680,62	3062,93
726	2649,49	3071,88
727	2665,57	3067,51
728	2638,10	3048,69
729	2670,86	3080,02
730	2736,78	3086,33
731	2688,56	3033,63
732	2724,78	3035,67
733	2731,08	3051,54
734	2731,18	3040,65
735	2714,20	3035,06
736	2758,55	3055,61
737	2688,76	3067,20
738	2670,65	3063,54
739	2714,40	3048,89
740	2685,51	3039,53
741	2675,94	3023,56
742	2676,35	3032,41
743	2663,13	3053,16
744	2703,01	3074,12
745	2711,35	3060,49
746	2719,28	3053,78
747	2676,35	3049,10
748	2658,24	3017,15
749	2647,05	3034,45
750	2646,04	3064,56
751	2673,91	3086,33
752	2681,44	3048,69
753	2708,30	3047,06
754	2681,64	3074,12
755	2682,35	3048,28
756	2681,23	3027,94
757	2690,59	3023,05
758	2681,03	3020,00
759	2709,92	3051,54
760	2730,68	3052,76
761	2715,62	3024,78
762	2713,18	3036,07
763	2692,22	3061,51
764	2698,94	3033,63
765	2686,73	3058,86
766	2679,61	3046,45
767	2749,60	3066,59
768	2679,00	3068,12
769	2665,77	3042,99
770	2687,54	3060,29
771	2739,22	3083,28
772	2725,39	3097,93
773	2719,89	3037,70
774	2717,45	3070,46
775	2694,56	3107,18
776	2681,44	3091,82
777	2665,36	3043,40
778	2736,37	3034,04
779	2728,84	3051,33
780	2762,21	3043,60
781	2711,65	3073,31
782	2701,99	3081,85
783	2697,92	3062,32
784	2745,53	3084,09
785	2704,23	3045,84
786	2681,23	3056,83
787	2711,55	3042,79
788	2718,06	3030,58
789	2757,43	3068,42
790	2723,15	3081,45
791	2745,12	3061,91
792	2732,51	3070,26
793	2701,38	3061,91
794	2705,65	3017,36
795	2726,00	3024,78
796	2724,57	3038,11
797	2678,59	3031,60
798	2720,30	3077,58
799	2739,22	3076,97
800	2730,07	3083,89
801	2690,59	3039,33
802	2717,15	3034,24
803	2707,48	3037,29
804	2727,22	3059,47
805	2748,99	3053,57
806	2783,17	3053,16
807	2769,54	3058,66
808	2724,78	3061,30
809	2758,04	3080,02
810	2777,47	3068,02
811	2711,14	3034,04
812	2737,19	3085,92
813	2778,08	3084,50
814	2723,76	3060,69
815	2732,41	3064,76
816	2761,20	3095,28
817	2733,93	3103,62
818	2694,87	3071,27
819	2763,64	3087,14
820	2753,26	3086,53
821	2730,27	3141,06
822	2660,89	3328,86
823	2570,65	3384,91
824	2583,57	3374,64
825	2622,84	3383,79
826	2708,91	3296,91
827	2705,45	3249,71
828	2783,17	3224,68
829	2765,06	3244,22
830	2762,62	3233,03
831	2768,32	3220,00
832	2767,30	3189,28
833	2738,81	3192,94
834	2738,81	3163,85
835	2748,58	3105,86
836	2755,29	3100,16
837	2824,88	3049,30
838	2768,11	3050,52
839	2791,51	3042,58
840	2800,67	3055,00
841	2800,87	3031,80
842	2782,56	3004,13
843	2766,28	3028,14
844	2820,00	3041,77
845	2782,76	3042,58
846	2795,38	3026,92
847	2747,16	3016,34
848	2800,87	3021,22
849	2817,25	3021,12
850	2754,07	3030,17
851	2728,64	3037,70
852	2776,05	3046,86
853	2730,07	3037,70
854	2739,43	3048,28
855	2708,91	3060,29
856	2735,56	3068,83
857	2689,37	3039,13
858	2710,74	3042,79
859	2707,68	3061,71
860	2707,89	3024,07
861	2731,49	3017,97
862	2726,61	3026,71
863	2737,59	3045,84
864	2780,73	3035,06
865	2718,47	3026,51
866	2680,01	3052,35
867	2712,16	3073,92
868	2703,62	3033,84
869	2693,44	3032,82
870	2701,89	3049,50
871	2705,85	3035,26
872	2710,94	3054,39
873	2685,91	3054,18
874	2616,74	3045,43
875	2736,17	3042,38
876	2721,11	3067,81
877	2721,11	3032,61
878	2670,04	3015,73
879	2696,90	3055,20
880	2726,61	3016,74
881	2715,42	3047,47
882	2681,84	3074,32
883	2726,20	3025,09
884	2713,18	3022,65
885	2693,04	3020,81
886	2699,34	3033,84
887	2739,43	3011,45
888	2681,84	3050,11
889	2693,85	3026,10
890	2652,75	3050,72
891	2688,36	3005,76
892	2715,62	2990,91
893	2707,68	3019,19
894	2717,65	3040,14
895	2698,94	3006,57
896	2683,27	2994,97
897	2663,33	3010,23
898	2647,87	3028,75
899	2692,02	3008,61
900	2689,37	3012,07
901	2696,90	3016,13
902	2695,88	3041,36
903	2699,14	3004,33
904	2688,15	3001,59
905	2718,06	3017,36
906	2652,75	3015,52
907	2713,59	3022,85
908	2676,55	3001,28
909	2657,02	3025,90
910	2624,47	3019,19
911	2659,46	3010,74
912	2724,78	3008,81
913	2670,65	2986,02
914	2710,53	3003,72
915	2718,26	3014,91
916	2684,49	3026,92
917	2681,44	2993,14
918	2712,26	3005,55
919	2685,51	2979,10
920	2688,76	2987,04
921	2700,16	3007,18
922	2708,91	3000,88
923	2696,70	3001,89
924	2708,60	3000,98
925	2740,85	2996,40
926	2722,13	3020,41
927	2661,70	3010,44
928	2695,07	3010,03
929	2706,06	3001,08
930	2673,71	2978,70
931	2662,72	3020,20
932	2711,35	2990,29
933	2699,14	3004,94
934	2697,51	3012,27
935	2708,91	2977,48
936	2718,26	2965,47
937	2708,70	3000,88
938	2702,80	2994,26
939	2723,55	2978,29
940	2727,22	2988,46
941	2698,73	3004,33
942	2700,56	3012,68
943	2699,75	2991,72
944	2718,26	3001,08
945	2746,14	3001,89
946	2702,39	2995,99
947	2679,20	3026,51
948	2698,53	3013,08
949	2680,22	3040,35
950	2702,19	3015,93
951	2676,55	3019,59
952	2674,52	3059,88
953	2717,04	3006,17
954	2691,41	3014,71
955	2705,24	3022,85
956	2724,98	3015,52
957	2677,57	3015,12
958	2678,39	2997,62
959	2675,33	2992,13
960	2722,54	2973,41
961	2734,54	2962,62
962	2703,41	2969,34
963	2689,98	3001,28
964	2729,66	2970,76
965	2722,33	2966,49
966	2683,27	2988,26
967	2734,54	2972,80
968	2692,43	2980,32
969	2693,44	2971,78
970	2661,30	2982,56
971	2719,08	2983,78
972	2755,60	2989,38
973	2658,65	2980,73
974	2669,43	2995,58
975	2679,00	2976,66
976	2703,01	2994,36
977	2688,36	2980,33
978	2694,87	2993,96
979	2686,32	2996,40
980	2682,86	2962,22
981	2680,01	2992,13
982	2679,40	2996,60
983	2687,95	3016,13
984	2696,90	2995,38
985	2681,23	2991,52
986	2712,26	3022,04
987	2727,01	3000,88
988	2715,62	3002,10
989	2697,51	2944,72
990	2660,68	2965,07
991	2721,93	2993,35
992	2694,66	2976,87
993	2682,05	2964,05
994	2684,08	2989,07
995	2723,76	2976,87
996	2665,16	2968,32
997	2678,79	2969,75
998	2723,55	3008,61
999	2698,12	2977,27
1000	2691,51	2984,80
1001	2696,70	3005,76
1002	2649,49	2978,49
1003	2673,30	2964,86
1004	2680,42	2961,61
1005	2671,67	2976,05
1006	2671,67	2994,57
1007	2664,35	2987,04
1008	2696,29	2974,42
1009	2680,42	2954,28
1010	2693,85	3004,74
1011	2675,33	2965,27
1012	2686,73	2971,78
1013	2693,34	3032,41
1014	2677,57	3002,30
1015	2698,53	2961,81
1016	2626,30	2980,12
1017	2655,19	3009,22
1018	2640,95	2970,36
1019	2682,66	2948,99
1020	2686,02	2969,24
1021	2661,70	2978,29
1022	2715,42	2982,36
1023	2717,86	2984,39
1024	2674,72	2955,10
1025	2679,40	3001,89
1026	2745,33	2965,47
1027	2673,20	2967,71
1028	2667,40	2975,24
1029	2683,07	2986,63
1030	2701,58	2952,25
1031	2701,99	2973,61
1032	2669,03	2953,26
1033	2694,87	2930,48
1034	2679,81	2992,13
1035	2674,93	3021,22
1036	2650,72	2980,73
1037	2669,84	2966,69
1038	2663,74	2950,21
1039	2671,67	2994,16
1040	2665,57	2936,58
1041	2658,85	2967,91
1042	2665,97	2998,64
1043	2662,72	2967,71
1044	2733,93	2960,79
1045	2687,14	2937,60
1046	2702,80	2952,25
1047	2729,66	2948,18
1048	2678,39	2956,72
1049	2653,97	2944,11
1050	2667,60	2957,33
1051	2703,01	2986,84
1052	2704,84	2979,51
1053	2693,04	2981,55
1054	2712,57	2987,24
1055	2722,33	2977,68
1056	2725,59	2967,71
1057	2731,29	2934,55
1058	2665,97	2979,31
1059	2686,93	2959,37
1060	2688,46	2939,63
1061	2624,26	2988,46
1062	2667,40	2981,95
1063	2731,08	2977,07
1064	2638,30	2945,53
1065	2672,89	2962,83
1066	2683,47	2956,72
1067	2692,22	2951,23
1068	2695,17	2928,95
1069	2696,49	2959,78
1070	2735,36	2959,98
1071	2735,15	2930,88
1072	2734,54	2949,40
1073	2727,62	2972,39
1074	2732,10	2978,39
1075	2736,58	2973,41
1076	2705,65	2977,48
1077	2684,69	3007,59
1078	2680,83	3003,93
1079	2694,66	2950,21
1080	2679,20	2958,55
1081	2746,14	2950,01
1082	2679,81	2976,87
1083	2677,37	2959,78
1084	2678,39	2972,59
1085	2685,91	2973,41
1086	2671,26	2930,88
1087	2687,95	2974,83
1088	2673,50	2976,56
1089	2667,40	2949,81
1090	2697,51	2977,68
1091	2759,57	2985,21
1092	2705,24	2998,03
1093	2733,12	3015,32
1094	2699,14	3006,78
1095	2698,73	2996,60
1096	2712,16	3006,37
1097	2693,85	2995,18
1098	2720,30	2991,52
1099	2708,91	3043,20
1100	2673,91	3086,94
1101	2602,70	3123,97
1102	2606,97	3138,01
1103	2577,88	3272,90
1104	2348,98	3471,69
1105	2167,69	3596,21
1106	2164,03	3613,50
1107	2158,33	3574,03
1108	2211,44	3493,87
1109	2311,34	3425,10
1110	2410,63	3326,82
1111	2488,76	3273,11
1112	2541,25	3193,55
1113	2547,15	3179,31
1114	2619,99	3218,99
1115	2644,20	3176,46
1116	2654,99	3085,72
1117	2668,21	3073,51
1118	2732,51	3031,80
1119	2742,27	3061,71
1120	2726,40	2997,21
1121	2711,35	3032,41
1122	2710,74	3033,43
1123	2744,31	3024,07
1124	2772,59	3004,33
1125	2778,08	2988,06
1126	2754,07	3012,68
1127	2780,52	2989,89
1128	2751,63	2977,48
1129	2784,90	3001,89
1130	2739,83	2975,85
1131	2709,52	2956,11
1132	2764,04	2959,37
1133	2743,49	2976,26
1134	2711,55	2955,30
1135	2742,78	3012,88
1136	2747,56	2989,68
1137	2744,92	3015,12
1138	2743,49	2989,68
1139	2695,07	2993,55
1140	2710,13	2988,06
1141	2725,79	2984,19
1142	2748,78	2951,43
1143	2732,71	2961,30
1144	2741,05	2938,00
1145	2717,86	2909,52
1146	2714,20	2935,77
1147	2723,55	2945,53
1148	2730,27	2952,65
1149	2688,15	2943,29
1150	2707,07	2959,78
1151	2738,00	2979,10
1152	2674,32	2948,18
1153	2683,47	2947,57
1154	2696,49	2973,20
1155	2729,46	2969,13
1156	2704,63	2952,76
1157	2695,48	2962,42
1158	2672,49	2926,61
1159	2697,10	2920,91
1160	2730,27	2950,62
1161	2705,04	2966,08
1162	2710,74	2961,00
1163	2632,00	2948,79
1164	2632,20	2946,96
1165	2679,81	2954,49
1166	2729,25	2936,17
1167	2737,59	2931,90
1168	2688,97	2929,66
1169	2717,45	2943,91
1170	2680,83	2941,87
1171	2701,58	2947,16
1172	2706,46	2955,50
1173	2691,81	2966,49
1174	2675,74	2978,49
1175	2701,38	2958,55
1176	2698,53	2980,53
1177	2721,72	2955,71
1178	2698,73	2981,95
1179	2675,94	2963,44
1180	2663,13	2981,75
1181	2676,96	2963,84
1182	2680,22	2957,94
1183	2718,67	2970,76
1184	2701,78	2964,66
1185	2712,97	2957,33
1186	2670,45	2956,72
1187	2645,43	2953,88
1188	2692,22	2958,55
1189	2683,88	2969,13
1190	2739,73	2952,15
1191	2732,71	2968,12
1192	2696,29	2935,56
1193	2661,91	2949,40
1194	2553,87	2971,58
1195	2649,90	2960,39
1196	2600,26	2960,18
1197	2621,31	2969,54
1198	2674,52	2951,64
1199	2664,35	2962,42
1200	2678,18	2968,32
1201	2674,93	2957,54
1202	2656,21	2986,02
1203	2687,24	2953,06
1204	2665,77	2949,60
1205	2713,79	2953,47
1206	2684,49	2960,79
1207	2733,93	2986,63
1208	2687,14	2955,91
1209	2660,68	2957,74
1210	2685,71	2952,04
1211	2630,17	2956,72
1212	2679,81	2967,10
1213	2716,23	2987,04
1214	2650,31	2996,40
1215	2726,00	2975,04
1216	2693,65	2953,06
1217	2665,87	2955,50
1218	2690,39	2936,38
1219	2711,96	2948,38
1220	2670,45	2948,38
1221	2702,80	2959,57
1222	2691,20	2932,92
1223	2639,93	2915,01
1224	2693,04	2913,39
1225	2698,73	2974,22
1226	2701,17	2971,78
1227	2717,25	2956,93
1228	2704,63	2948,79
1229	2730,68	2955,10
1230	2705,85	2952,45
1231	2712,57	2960,39
1232	2697,51	2949,60
1233	2668,21	2936,78
1234	2690,19	2964,05
1235	2677,78	2943,70
1236	2690,39	2958,35
1237	2627,32	2955,30
1238	2655,19	2931,09
1239	2660,48	2953,67
1240	2687,14	2941,67
1241	2684,08	3008,40
1242	2688,36	2975,04
1243	2677,98	2970,76
1244	2708,09	2964,66
1245	2712,57	3001,28
1246	2681,44	2928,85
1247	2730,68	2949,40
1248	2697,10	2932,92
1249	2680,42	2946,55
1250	2728,84	2952,45
1251	2673,81	2961,30
1252	2682,66	2954,08
1253	2729,25	2941,26
1254	2695,68	2972,39
1255	2676,55	2947,36
1256	2690,59	2998,43
1257	2656,41	2976,46
1258	2655,50	2958,25
1259	2676,96	2921,73
1260	2728,23	2984,80
1261	2647,26	2972,39
1262	2649,90	2970,97
1263	2743,09	2956,32
1264	2657,63	2983,99
1265	2662,52	2983,89
1266	2705,85	2983,58
1267	2667,20	2990,09
1268	2692,63	2965,27
1269	2694,05	2949,81
1270	2694,26	2966,90
1271	2696,09	2932,92
1272	2600,87	2979,92
1273	2682,66	2993,75
1274	2739,22	2991,92
1275	2728,44	2981,95
1276	2732,91	2961,81
1277	2717,86	2983,78
1278	2671,47	2989,07
1279	2628,94	2994,87
1280	2625,08	2959,98
1281	2692,02	2959,98
1282	2682,86	2978,70
1283	2652,95	3001,49
1284	2724,37	3003,93
1285	2725,69	2950,01
1286	2716,84	2952,86
1287	2656,41	2968,73
1288	2686,52	2978,09
1289	2675,94	2975,24
1290	2744,92	2962,42
1291	2716,03	2953,67
1292	2738,20	2980,83
1293	2656,62	2959,57
1294	2670,65	3005,15
1295	2642,17	2986,02
1296	2657,02	2990,70
1297	2640,14	2957,94
1298	2679,81	2978,49
1299	2682,05	2987,85
1300	2705,65	2982,77
1301	2673,50	2954,28
1302	2708,50	2994,16
1303	2682,86	3002,50
1304	2735,76	2982,77
1305	2680,22	2969,54
1306	2677,17	3027,12
1307	2755,30	3003,72
1308	2707,89	2963,03
1309	2672,69	2972,59
1310	2663,13	2923,15
1311	2648,48	2954,89
1312	2650,92	2931,29
1313	2585,61	2934,75
1314	2654,17	2916,84
1315	2623,25	2958,55
1316	2635,66	2930,27
1317	2614,91	2935,16
1318	2687,75	2943,29
1319	2644,81	2899,96
1320	2640,95	2915,62
1321	2607,17	2911,15
1322	2629,76	3042,38
1323	2607,38	3104,03
1324	2590,69	3070,46
1325	2636,47	3117,87
1326	2557,53	3140,15
1327	2509,10	3228,14
1328	2314,39	3344,73
1329	2131,48	3476,57
1330	2013,27	3591,32
1331	1896,89	3730,29
1332	1826,28	3829,17
1333	1814,08	3870,78
1334	1760,16	3872,71
1335	1764,23	3824,29
1336	1828,93	3794,38
1337	1875,32	3735,78
1338	1929,44	3650,33
1339	1972,17	3596,11
1340	2061,69	3537,61
1341	2154,67	3425,30
1342	2233,82	3373,42
1343	2314,19	3301,80
1344	2347,56	3258,46
1345	2431,79	3191,52
1346	2484,89	3135,77
1347	2516,33	3105,05
1348	2548,58	3091,21
1349	2543,08	3065,98
1350	2546,95	3065,78
1351	2634,23	3063,34
1352	2641,36	3015,32
1353	2669,23	3015,63
1354	2627,93	3007,39
1355	2551,43	3018,78
1356	2635,66	3009,01
1357	2706,46	2963,44
1358	2655,19	2993,96
1359	2678,39	2982,97
1360	2633,52	2984,19
1361	2670,65	2958,55
1362	2654,38	2961,61
1363	2671,26	2997,62
1364	2660,28	2946,35
1365	2731,69	2970,15
1366	2707,07	2973,41
1367	2642,07	2952,45
1368	2612,26	2936,78
1369	2667,81	2930,07
1370	2681,23	2915,42
1371	2622,84	2901,99
1372	2687,54	2926,61
1373	2685,51	2957,94
1374	2659,46	2953,06
1375	2642,37	2939,63
1376	2679,20	2919,69
1377	2723,76	2934,34
1378	2677,37	2913,59
1379	2674,11	2915,83
1380	2697,72	2911,76
1381	2659,46	2904,84
1382	2650,10	2928,65
1383	2709,11	2940,04
1384	2676,55	2937,80
1385	2685,71	2915,42
1386	2690,39	2968,12
1387	2684,49	2954,28
1388	2646,24	2925,19
1389	2680,42	2912,37
1390	2700,16	2961,00
1391	2657,43	2932,92
1392	2645,63	2930,07
1393	2675,33	2926,00
1394	2707,68	2944,21
1395	2698,73	2939,84
1396	2653,77	2946,14
1397	2715,01	2936,17
1398	2706,26	2924,17
1399	2667,81	2945,13
1400	2696,49	2924,37
1401	2663,43	2921,32
1402	2648,48	2942,07
1403	2616,33	2955,30
1404	2662,72	2945,74
1405	2714,20	2934,34
1406	2656,21	2957,74
1407	2680,83	2935,05
1408	2662,52	2902,60
1409	2700,16	2927,22
1410	2697,31	2953,88
1411	2619,59	2943,09
1412	2673,30	2940,85
1413	2641,97	2940,65
1414	2660,48	2961,00
1415	2649,09	2942,07
1416	2665,16	2934,75
1417	2624,06	2941,46
1418	2635,66	2919,49
1419	2738,20	2936,99
1420	2686,32	2902,60
1421	2624,06	2944,21
1422	2680,01	2949,60
1423	2616,53	2933,94
1424	2602,09	2970,97
1425	2673,50	2961,40
1426	2626,50	2923,56
1427	2681,84	2948,58
1428	2672,59	2955,50
1429	2610,43	2950,62
1430	2643,80	2937,39
1431	2648,27	2967,10
1432	2652,55	2943,50
1433	2635,66	2944,72
1434	2628,54	2951,84
1435	2605,14	2928,34
1436	2679,81	2946,75
1437	2643,59	2992,53
1438	2652,55	2957,33
1439	2654,38	2990,29
1440	2650,92	2941,06
1441	2629,86	2947,87
1442	2558,14	2948,79
1443	2738,00	2954,69
1444	2665,97	2979,71
1445	2671,47	2967,10
1446	2673,50	2963,44
1447	2616,33	2963,84
1448	2630,37	2943,09
1449	2623,45	2963,44
1450	2633,01	2958,35
1451	2685,71	2950,42
1452	2599,65	2964,25
1453	2645,43	2939,43
1454	2657,84	2906,06
1455	2690,29	2909,11
1456	2632,20	2948,79
1457	2642,58	2952,45
1458	2646,44	2940,24
1459	2654,78	2917,05
1460	2663,53	2904,23
1461	2648,07	2948,58
1462	2632,61	2923,15
1463	2597,20	2962,22
1464	2631,18	2968,12
1465	2628,33	2934,34
1466	2650,31	2927,83
1467	2662,92	2934,75
1468	2633,83	2923,76
1469	2672,89	2928,65
1470	2653,16	2921,73
1471	2616,33	2917,46
1472	2584,59	2911,76
1473	2600,87	2931,49
1474	2670,45	2919,29
1475	2638,71	2931,39
1476	2624,88	2953,88
1477	2638,30	2934,75
1478	2581,94	2911,55
1479	2619,79	2935,97
1480	2654,78	2932,51
1481	2637,49	2935,36
1482	2602,49	2900,57
1483	2595,07	2919,18
1484	2641,97	2928,65
1485	2609,41	2950,82
1486	2647,87	2924,78
1487	2683,88	2924,78
1488	2604,53	2924,17
1489	2618,26	2938,11
1490	2624,06	2926,61
1491	2623,45	2930,07
1492	2650,51	2940,65
1493	2668,42	2948,79
1494	2630,78	2950,82
1495	2589,88	2946,14
1496	2595,37	2932,31
1497	2609,62	2914,20
1498	2624,47	2921,32
1499	2611,65	2936,78
1500	2617,14	2929,87
1501	2633,42	2959,98
1502	2629,35	2932,71
1503	2659,46	2931,09
1504	2641,97	2963,84
1505	2623,04	2980,33
1506	2594,56	2938,00
1507	2592,93	2947,57
1508	2646,24	2923,56
1509	2589,07	2939,43
1510	2665,87	2958,55
1511	2674,52	2935,36
1512	2647,87	2948,18
1513	2630,17	2961,00
1514	2612,06	2935,56
1515	2628,54	2953,67
1516	2617,65	2929,26
1517	2629,76	2931,09
1518	2670,45	2927,63
1519	2605,75	2929,26
1520	2623,04	2952,45
1521	2668,42	2919,90
1522	2604,12	2914,00
1523	2625,89	2928,34
1524	2627,32	2914,40
1525	2615,92	2942,28
1526	2632,40	2920,10
1527	2645,83	2932,71
1528	2660,89	2941,26
1529	2674,32	2910,94
1530	2617,35	2956,72
1531	2629,96	2938,62
1532	2591,30	2926,20
1533	2594,97	2926,00
1534	2654,58	2934,55
1535	2602,70	2931,49
1536	2588,25	2934,55
1537	2592,02	2953,98
1538	2625,28	2909,11
1539	2663,94	2914,20
1540	2671,26	2948,18
1541	2661,09	2940,45
1542	2617,75	2931,49
1543	2635,25	2957,54
1544	2643,90	2939,02
1545	2598,83	2937,60
1546	2579,50	2938,21
1547	2603,51	2931,09
1548	2638,30	2921,52
1549	2675,33	2918,07
1550	2653,16	2907,49
1551	2586,22	2910,03
1552	2620,40	2912,78
1553	2609,62	2872,90
1554	2658,24	2927,83
1555	2653,16	2926,20
1556	2683,27	2942,48
1557	2650,00	2904,84
1558	2629,76	2908,91
1559	2653,97	2932,10
1560	2676,76	2933,73
1561	2649,09	2893,45
1562	2597,20	2888,97
1563	2579,50	2934,55
1564	2621,01	2929,26
1565	2569,53	2891,21
1566	2640,34	2921,73
1567	2667,20	2888,56
1568	2634,23	2899,96
1569	2653,77	2949,81
1570	2665,77	2928,04
1571	2646,04	2925,59
1572	2600,05	2933,73
1573	2604,12	2897,52
1574	2614,91	2917,46
1575	2605,95	2921,32
1576	2569,94	2924,37
1577	2622,23	2891,41
1578	2639,02	2939,94
1579	2645,22	2939,23
1580	2640,34	2906,88
1581	2613,28	2915,22
1582	2611,24	2918,07
1583	2636,47	2936,99
1584	2625,89	2932,61
1585	2600,26	2918,27
1586	2656,82	2928,85
1587	2655,19	2952,25
1588	2651,94	2947,97
1589	2595,98	2921,52
1590	2627,52	2934,14
1591	2557,53	2931,09
1592	2608,80	2896,50
1593	2640,95	2873,91
1594	2607,58	2907,08
1595	2603,51	2911,55
1596	2600,05	2861,91
1597	2618,16	2890,39
1598	2636,88	2896,60
1599	2630,17	2908,50
1600	2621,42	2924,98
1601	2613,07	2907,49
1602	2631,79	2944,11
1603	2608,39	2941,26
1604	2568,31	2867,61
1605	2603,31	2875,54
1606	2591,30	2924,58
1607	2614,30	2924,17
1608	2608,60	2890,60
1609	2596,39	2896,91
1610	2634,64	2898,33
1611	2658,85	2886,22
1612	2638,30	2891,41
1613	2578,28	2883,48
1614	2594,36	2905,04
1615	2602,90	2927,02
1616	2650,10	2897,92
1617	2633,83	2910,33
1618	2614,91	2903,01
1619	2628,64	2903,31
1620	2574,62	3044,82
1621	2221,61	3382,98
1622	1635,64	4005,57
1623	1259,44	4306,90
1624	1161,77	4411,69
1625	1091,99	4432,03
1626	1086,09	4468,05
1627	997,78	4546,79
1628	956,89	4672,73
1629	915,38	4755,95
1630	879,57	4771,21
1631	852,92	4776,29
1632	861,26	4761,03
1633	818,84	4777,21
1634	825,86	4785,24
1635	818,53	4723,80
1636	842,13	4730,51
1637	811,00	4822,68
1638	786,99	4796,84
1639	802,05	4787,58
1640	819,55	4803,96
1641	782,72	4848,32
1642	787,61	4906,92
1643	805,10	4875,38
1644	803,88	4885,15
1645	809,38	4979,55
1646	804,29	4959,61
1647	791,47	4986,27
1648	808,15	5003,76
1649	831,35	4999,69
1650	827,48	5022,89
1651	807,75	5035,91
1652	799,20	5018,21
1653	787,40	5027,16
1654	880,18	5044,86
1655	802,05	5031,44
1656	792,28	5030,21
1657	803,27	5004,78
1658	795,13	5025,74
1659	830,74	5032,05
1660	877,54	5105,09
1661	852,31	5065,62
1662	795,34	5025,74
1663	825,45	5019,84
1664	804,90	5011,50
1665	825,86	5025,13
1666	844,17	5022,28
1667	867,16	5055,04
1668	870,82	5039,57
1669	874,28	5029,60
1670	843,35	5014,75
1671	834,81	5033,06
1672	848,44	5056,26
1673	841,73	5099,80
1674	808,15	5081,08
1675	816,70	5085,56
1676	801,24	5035,30
1677	814,26	5021,47
1678	815,28	5010,68
1679	796,35	5038,15
1680	798,39	5039,06
1681	810,19	5036,32
1682	817,92	5019,84
1683	825,86	5005,19
1684	813,85	4996,44
1685	818,12	5049,14
1686	814,87	5072,03
1687	823,82	5048,93
1688	837,86	5021,87
1689	827,48	5074,57
1690	797,57	5061,14
1691	841,73	5049,34
1692	817,31	5062,77
1693	838,88	5065,62
1694	828,91	5037,54
1695	812,83	4991,76
1696	816,50	4998,47
1697	836,44	5051,78
1698	826,87	5022,48
1699	786,99	5010,27
1700	797,78	5003,97
1701	825,25	4983,62
1702	821,79	4971,01
1703	827,08	4978,13
1704	794,12	4963,68
1705	815,68	4974,26
1706	801,44	5020,24
1707	795,95	5006,41
1708	813,44	4942,11
1709	820,77	4956,56
1710	791,06	4998,88
1711	765,22	4929,09
1712	809,17	4929,09
1713	829,93	4957,58
1714	803,88	4974,67
1715	797,78	4983,62
1716	835,42	4944,56
1717	809,38	4894,10
1718	802,25	4882,30
1719	826,47	4899,79
1720	826,47	4881,58
1721	812,63	4847,10
1722	824,84	4882,09
1723	831,76	4891,25
1724	820,57	4889,21
1725	804,90	4874,36
1726	798,39	4881,28
1727	827,69	4835,50
1728	827,89	4793,99
1729	841,32	4785,65
1730	824,64	4831,02
1731	816,90	4856,86
1732	838,06	4813,53
1733	811,82	4793,18
1734	825,25	4775,07
1735	799,61	4800,91
1736	829,31	4780,57
1737	843,15	4762,86
1738	805,51	4745,37
1739	803,68	4782,80
1740	831,76	4780,77
1741	837,45	4732,65
1742	824,23	4732,96
1743	815,07	4718,31
1744	797,57	4702,44
1745	829,31	4683,51
1746	811,41	4671,71
1747	800,83	4701,52
1748	793,51	4688,19
1749	805,10	4656,86
1750	794,73	4646,08
1751	787,40	4655,84
1752	808,15	4650,76
1753	794,12	4628,78
1754	799,61	4623,70
1755	800,22	4633,46
1756	796,35	4647,70
1757	821,79	4649,74
1758	797,57	4623,70
1759	785,98	4618,20
1760	788,01	4621,05
1761	803,88	4597,04
1762	805,71	4558,99
1763	780,69	4571,20
1764	795,13	4561,44
1765	811,00	4545,77
1766	789,44	4523,79
1767	805,10	4531,93
1768	782,21	4523,59
1769	790,05	4495,72
1770	802,05	4490,63
1771	781,50	4516,67
1772	765,22	4565,91
1773	803,88	4518,50
1774	760,14	4527,05
1775	765,12	4477,81
1776	771,53	4428,37
1777	781,70	4458,28
1778	781,09	4453,60
1779	780,89	4443,22
1780	740,61	4430,61
1781	764,61	4414,54
1782	781,60	4438,14
1783	771,33	4452,79
1784	760,54	4396,02
1785	760,95	4374,45
1786	763,39	4358,58
1787	756,07	4378,32
1788	768,28	4380,56
1789	791,98	4353,29
1790	779,06	4361,02
1791	761,15	4311,99
1792	751,59	4345,56
1793	748,34	4322,77
1794	760,75	4286,56
1795	763,60	4279,13
1796	782,52	4296,12
1797	777,02	4321,96
1798	749,56	4289,00
1799	747,12	4228,77
1800	758,92	4258,68
1801	762,58	4229,38
1802	762,99	4231,83
1803	752,81	4224,30
1804	710,70	4209,04
1805	753,22	4188,28
1806	779,06	4195,61
1807	732,06	4208,83
1808	759,32	4208,43
1809	730,64	4128,36
1810	739,99	4183,60
1811	762,17	4193,37
1812	759,32	4134,37
1813	758,51	4131,93
1814	758,31	4108,53
1815	777,02	4114,22
1816	767,87	4113,10
1817	741,01	4041,18
1818	736,54	4050,95
1819	751,19	4070,28
1820	762,58	4009,64
1821	710,70	3974,85
1822	738,16	3994,59
1823	717,82	3978,21
1824	735,32	3957,56
1825	736,13	3943,72
1826	742,03	3915,24
1827	754,44	3907,91
1828	741,83	3904,25
1829	760,34	3877,19
1830	715,07	3889,40
1831	722,50	3846,87
1832	741,62	3839,75
1833	744,47	3847,08
1834	738,98	3856,23
1835	736,54	3793,77
1836	746,20	3749,62
1837	694,01	3745,35
1838	749,56	3737,82
1839	704,39	3721,95
1840	694,01	3734,77
1841	743,05	3722,76
1842	707,64	3698,75
1843	714,15	3678,20
1844	715,38	3668,64
1845	704,59	3665,59
1846	719,24	3627,95
1847	702,35	3624,29
1848	698,69	3617,77
1849	737,76	3626,52
1850	715,38	3553,07
1851	732,67	3577,29
1852	701,34	3568,94
1853	701,54	3543,92
1854	712,12	3524,59
1855	676,72	3516,25
1856	727,58	3501,19
1857	708,97	3456,94
1858	665,73	3478,61
1859	688,93	3492,85
1860	689,74	3456,63
1861	734,50	3480,03
1862	699,10	3453,99
1863	725,96	3411,26
1864	667,77	3416,35
1865	679,36	3406,78
1866	673,26	3415,53
1867	711,92	3387,45
1868	672,45	3369,75
1869	665,12	3362,23
1870	689,94	3326,62
1871	714,77	3312,89
1872	673,67	3313,60
1873	678,14	3333,33
1874	671,63	3302,20
1875	665,93	3288,98
1876	656,57	3266,80
1877	660,14	3270,77
1878	633,18	3263,34
1879	649,86	3226,92
1880	652,91	3220,00
1881	645,99	3246,45
1882	734,70	3244,42
1883	658,61	3190,91
1884	665,02	3167,31
1885	659,42	3185,21
1886	649,05	3130,28
1887	686,48	3125,80
1888	616,70	3182,57
1889	648,23	3150,62
1890	685,67	3148,59
1891	643,96	3138,01
1892	639,89	3128,85
1893	652,71	3100,16
1894	653,52	3079,82
1895	646,40	3064,56
1896	667,36	3069,03
1897	667,77	3020,41
1898	659,53	3065,98
1899	658,41	3050,11
1900	629,92	3029,77
1901	628,29	3030,78
1902	640,09	2984,80
1903	639,48	2977,68
1904	625,34	2942,68
1905	640,30	2984,19
1906	640,70	2988,87
1907	627,28	2973,00
1908	625,04	2955,91
1909	630,94	2957,54
1910	641,11	2955,71
1911	642,13	2953,98
1912	631,96	2937,39
1913	640,91	2905,25
1914	622,80	2902,20
1915	626,46	2911,96
1916	622,39	2934,75
1917	628,09	2897,11
1918	645,18	2885,61
1919	642,94	2896,29
1920	612,63	2870,86
1921	613,64	2863,33
1922	629,11	2851,13
1923	625,45	2880,22
1924	585,16	2844,41
1925	599,40	2840,14
1926	606,52	2815,72
1927	629,51	2795,99
1928	586,58	2801,07
1929	581,70	2811,65
1930	583,74	2776,66
1931	571,93	2807,79
1932	610,80	2803,72
1933	605,51	2797,41
1934	625,45	2797,62
1935	581,70	2788,66
1936	611,81	2771,37
1937	616,49	2774,42
