Time	CFP	YFP	
Seconds	mV	mV	
			
0	3053,16	3044,62
1	3093,04	3051,74
2	3151,44	3013,29
3	3064,76	3054,59
4	3119,09	3067,20
5	3119,09	3039,53
6	3135,57	3058,46
7	3070,26	3066,59
8	3017,15	3010,84
9	3063,34	3018,37
10	3107,49	3060,49
11	3106,07	3084,91
12	3041,36	3086,13
13	3059,07	3026,10
14	3081,45	3061,10
15	3086,13	3055,20
16	3019,80	3064,76
17	3100,78	3059,88
18	3150,62	3088,16
19	3060,29	3076,16
20	3056,83	3049,50
21	3179,31	3014,71
22	3105,25	3047,06
23	3068,42	3026,92
24	3094,87	3046,45
25	3098,64	3021,12
26	3073,10	3066,59
27	3141,06	3054,18
28	3102,00	3046,25
29	3088,97	3092,03
30	3130,07	3069,65
31	3101,39	3104,44
32	3063,13	3088,16
33	3078,60	2990,70
34	3146,76	3037,09
35	3229,97	3058,86
36	3088,97	3055,00
37	3158,56	3053,78
38	3191,11	3037,91
39	3128,24	3041,97
40	3030,38	3085,11
41	3114,41	3018,78
42	3146,76	3070,87
43	3119,49	3059,68
44	3116,65	3017,76
45	3112,37	3035,46
46	3067,20	3039,74
47	3124,58	3059,68
48	3115,22	3065,78
49	3049,50	3027,12
50	3074,94	3026,71
51	3098,03	3001,28
52	3036,07	3065,98
53	3058,66	3073,31
54	3092,43	3070,05
55	3106,88	3068,42
56	3021,63	3062,32
57	3023,05	3033,84
58	3065,07	3057,44
59	3181,96	3045,23
60	3090,20	3038,52
61	3136,79	3097,93
62	3125,19	3053,16
63	3103,22	3013,08
64	3061,71	3020,81
65	3079,11	3116,03
66	3075,55	3020,00
67	3089,18	3040,75
68	3130,68	3082,26
69	3112,37	3071,48
70	3012,47	3087,96
71	3104,23	3058,86
72	3087,65	3092,84
73	3076,56	3072,09
74	3119,09	3000,47
75	3137,20	3049,91
76	3141,06	3042,99
77	3059,47	3003,93
78	3057,84	3000,88
79	3068,73	3130,68
80	3134,35	3137,40
81	3132,11	3033,63
82	3086,94	3033,43
83	3090,40	3037,50
84	3087,96	3027,53
85	3088,57	3062,32
86	3098,54	3044,82
87	3074,94	3021,63
88	3070,87	3088,57
89	3072,70	3072,90
90	3151,84	3061,71
91	3203,12	3132,92
92	3185,62	3136,48
93	3175,04	3114,81
94	3122,14	3120,10
95	3068,83	3179,11
96	3080,84	3166,70
97	3113,39	3086,13
98	3097,93	3114,41
99	3126,72	3137,70
100	3183,79	3062,12
101	3110,74	3051,94
102	3129,46	3106,68
103	3145,94	3104,23
104	3144,11	3126,41
105	3150,42	3139,43
106	3179,21	3131,60
107	3221,23	3173,21
108	3111,15	3194,16
109	3045,43	3177,28
110	3090,20	3223,87
111	3108,71	3209,42
112	3163,24	3217,36
113	3102,61	3215,22
114	3088,57	3189,89
115	3107,08	3185,21
116	3139,23	3205,15
117	3080,63	3210,44
118	3074,53	3225,50
119	3114,20	3277,18
120	3124,58	3285,72
121	3140,04	3259,27
122	3117,87	3181,14
123	3156,73	3263,95
124	3099,35	3300,37
125	3132,72	3255,41
126	3199,05	3258,56
127	3296,71	3420,42
128	3234,45	3192,74
129	3047,47	3080,63
130	3264,77	3311,36
131	3332,72	3296,10
132	3282,67	3323,16
133	3320,52	3341,88
134	3295,90	3405,16
135	3269,45	3366,70
136	3262,12	3363,04
137	3155,51	3264,56
138	3240,55	3322,55
139	3206,98	3346,97
140	3249,71	3361,41
141	3269,45	3316,65
142	3268,63	3387,45
143	3243,40	3302,41
144	3225,90	3279,62
145	3190,71	3290,00
146	3179,82	3298,54
147	3299,56	3305,46
148	3274,13	3311,36
149	3220,00	3363,45
150	3243,61	3394,17
151	3315,02	3355,10
152	3273,52	3318,68
153	3327,53	3271,68
154	3362,23	3290,20
155	3281,25	3279,01
156	3168,94	3189,89
157	3213,09	3275,96
158	3193,35	3290,00
159	3139,43	3249,30
160	3167,61	3220,41
161	3174,63	3194,78
162	3200,27	3159,58
163	3153,07	3147,16
164	3162,63	3221,02
165	3235,47	3202,10
166	3186,84	3222,85
167	3142,89	3247,88
168	3092,43	3210,24
169	3112,17	3230,18
170	3113,59	3199,66
171	3119,70	3224,07
172	3178,09	3155,71
173	3146,35	3124,38
174	3159,98	3138,92
175	3210,03	3134,96
176	3175,04	3124,58
177	3152,25	3159,58
178	3117,05	3159,17
179	3092,23	3151,03
180	3084,91	3159,17
181	3122,75	3142,89
182	3135,97	3102,40
183	3146,15	3107,69
184	3191,72	3145,33
185	3166,70	3142,89
186	3152,66	3135,36
187	3139,23	3132,82
188	3096,50	3166,70
189	3165,48	3138,21
190	3119,49	3190,30
191	3121,53	3214,71
192	3141,26	3250,73
193	3120,31	3185,82
194	3069,95	3140,45
195	3118,48	3161,61
196	3189,48	3120,92
197	3096,71	3100,78
198	3146,96	3119,29
199	3189,69	3140,04
200	3083,89	3143,30
201	3100,57	3132,31
202	3130,68	3126,41
203	3122,75	3114,81
204	3180,13	3154,08
205	3129,87	3173,21
206	3117,87	3200,27
207	3128,45	3102,61
208	3216,44	3131,29
209	3173,41	3156,32
210	3026,92	3135,77
211	3091,62	3154,08
212	3147,16	3147,16
213	3104,84	3098,74
214	3116,24	3152,45
215	3108,10	3154,18
216	3174,23	3130,28
217	3060,29	3137,81
218	3077,99	3132,52
219	3112,98	3179,52
220	3140,45	3142,89
221	3096,20	3147,47
222	3127,43	3124,38
223	3136,38	3113,59
224	3109,32	3110,54
225	3110,95	3119,49
226	3112,17	3104,64
227	3095,08	3176,26
228	3059,47	3104,84
229	3077,89	3141,67
230	3096,50	3209,22
231	3132,11	3198,84
232	3078,19	3139,64
233	3034,65	3155,30
234	3034,24	3157,54
235	3086,13	3188,06
236	3130,89	3183,58
237	3083,48	3124,99
238	3104,64	3145,13
239	3132,92	3136,79
240	3150,01	3155,10
241	3120,92	3154,90
242	3143,50	3106,88
243	3145,13	3146,76
244	3038,31	3187,04
245	3124,17	3121,53
246	2951,43	3161,61
247	3174,02	3127,23
248	3108,30	3150,83
249	3097,42	3157,54
250	3116,65	3122,14
251	3106,07	3127,84
252	3160,19	3140,65
253	3100,37	3149,81
254	3044,62	3140,04
255	3079,41	3139,84
256	3081,85	3150,22
257	3079,21	3170,16
258	3101,59	3166,90
259	3099,96	3116,24
260	3049,10	3087,75
261	3022,85	3064,56
262	3110,13	3080,63
263	3059,27	3059,88
264	3084,91	3056,22
265	3020,81	3088,16
266	3027,33	3085,92
267	3013,49	3028,75
268	3068,83	3010,44
269	3105,66	3034,24
270	3016,75	3077,78
271	2981,55	3040,35
272	3016,54	3030,58
273	3093,65	3071,07
274	3066,19	3053,16
275	3020,20	3076,97
276	3076,05	3067,81
277	3066,80	3052,76
278	3010,23	3071,68
279	3008,00	3046,25
280	3037,70	3065,98
281	3075,75	3066,39
282	3111,56	3034,24
283	3102,30	3075,44
284	3065,37	3065,58
285	3075,95	3041,57
286	3040,75	3074,32
287	3034,65	3129,26
288	2974,83	3055,61
289	3053,78	3050,42
290	3018,78	3036,89
291	3037,29	3048,89
292	3050,72	3069,85
293	2996,40	3084,50
294	3021,42	3087,96
295	3011,25	3038,52
296	3028,34	3100,57
297	3064,46	3031,80
298	3070,46	3109,52
299	3024,07	3034,04
300	3075,55	2995,79
301	3025,09	3063,13
302	3031,80	3019,80
303	3084,60	3042,18
304	3079,82	2995,99
305	3126,00	3018,37
306	2997,42	3065,98
307	2771,57	3051,94
308	3105,66	3062,52
309	3095,49	3127,63
317	3142,89	3070,26
317	3142,89	3070,26
318	3142,89	3070,26
318	3142,89	3070,26
318	3142,89	3070,26
318	3142,89	3070,26
318	3142,89	3070,26
318	3006,78	3070,26
318	3006,78	3070,26
319	2990,50	3056,83
320	2993,55	3064,15
321	3015,12	3060,29
322	3026,10	3071,07
323	3029,77	3075,75
324	2943,91	3125,50
325	2944,52	3076,36
326	3053,16	3078,39
327	3120,31	3071,88
328	3110,13	3067,41
329	3101,59	3102,81
330	3101,39	3177,07
331	3013,29	3119,09
332	3031,60	3077,58
333	3100,16	3164,26
334	3077,38	3220,21
335	3144,11	3259,68
336	3118,27	3256,42
337	3125,50	3238,72
338	3164,26	3190,30
339	3179,11	3336,18
340	2781,75	3755,93
341	1905,63	4431,63
342	1711,53	4573,64
343	1683,45	4654,42
344	1659,95	4617,90
345	1616,92	4537,22
346	1671,24	4480,66
347	1706,65	4448,92
348	1775,62	4426,54
349	1760,36	4423,69
350	1836,46	4386,05
351	1851,00	4372,83
352	1860,47	4356,55
353	1904,62	4320,33
354	1955,48	4249,73
355	2052,74	4192,76
356	2092,41	4108,93
357	2123,54	3979,12
358	2403,30	4340,88
359	2546,34	4076,99
360	2420,80	3630,80
361	2555,49	3554,70
362	2592,93	3520,32
363	2757,33	3367,11
364	2755,70	3345,13
365	2874,32	3235,98
366	2929,87	3197,42
367	2994,36	3193,76
368	3001,89	3177,68
369	3010,44	3127,02
370	3028,55	3078,80
371	3090,40	3063,85
372	3122,95	3055,81
373	3060,08	3096,71
374	3162,22	3067,81
375	3175,24	3128,85
376	3145,13	3125,60
377	3216,95	3131,09
378	3176,77	3114,51
379	3131,50	3202,71
380	3243,61	3153,07
381	3248,08	3116,24
382	3237,91	3162,63
383	3240,96	3179,11
384	3249,10	3113,59
385	3253,98	3151,13
386	3289,18	3151,64
387	3314,00	3153,47
388	3313,80	3215,73
389	3319,70	3238,93
390	3395,80	3211,46
391	3309,53	3135,57
392	3359,17	3161,61
393	3367,52	3225,29
394	3304,65	3176,67
395	3374,43	3192,94
396	3314,41	3211,66
397	3304,44	3247,47
398	3337,61	3205,46
399	3346,35	3195,79
400	3353,68	3185,42
401	3315,84	3167,31
402	3346,56	3170,97
403	3390,71	3206,58
404	3364,06	3200,88
405	3425,81	3179,21
406	3340,25	3263,14
407	3352,26	3306,27
408	3380,54	3212,48
409	3390,51	3196,00
410	3352,05	3273,92
411	3315,84	3264,36
412	3348,90	3228,04
413	3379,52	3242,39
414	3355,31	3250,12
415	3398,85	3249,71
416	3341,27	3274,94
417	3316,24	3220,00
418	3242,39	3276,36
419	3295,49	3299,76
420	3341,06	3261,92
421	3360,19	3235,26
422	3265,17	3244,62
423	3442,19	3257,44
424	3364,06	3328,65
425	3449,31	3362,63
426	3393,76	3293,66
427	3284,10	3349,81
428	3428,76	3337,61
429	3225,09	3280,43
430	3387,86	3303,42
431	3355,71	3317,46
432	3360,80	3319,60
433	3297,73	3290,20
434	3272,90	3257,44
435	3372,19	3298,95
436	3430,59	3348,39
437	3372,40	3331,71
438	3343,30	3307,90
439	3412,07	3331,50
440	3436,90	3342,90
441	3366,90	3272,90
442	3342,49	3311,16
443	3456,22	3353,27
444	3383,59	3339,84
445	3413,50	3370,16
446	3475,25	3398,65
447	3422,04	3371,38
448	3436,90	3329,26
449	3456,02	3353,48
450	3413,29	3379,32
451	3355,31	3363,65
452	3383,39	3361,21
453	3375,76	3426,11
454	3384,20	3444,42
455	3316,24	3429,16
456	3261,51	3440,35
457	3304,03	3477,39
458	3315,84	3412,28
459	3359,27	3438,93
460	3313,60	3461,92
461	3318,68	3450,12
462	3403,32	3394,17
463	3455,61	3431,81
464	3392,95	3411,46
465	3426,32	3433,44
466	3441,37	3455,41
467	3390,10	3418,58
468	3432,62	3401,49
469	3428,35	3416,14
470	3390,51	3436,08
471	3437,51	3444,02
472	3410,65	3412,89
473	3471,89	3404,14
474	3382,98	3441,58
475	3424,08	3433,44
476	3447,88	3410,65
477	3442,39	3374,23
478	3462,74	3447,48
479	3416,14	3410,24
480	3406,27	3438,32
481	3421,84	3407,80
482	3424,28	3430,59
483	3399,87	3420,21
484	3474,74	3412,89
485	3430,79	3400,07
486	3475,35	3408,21
487	3420,62	3431,00
488	3468,23	3441,98
489	3441,37	3467,01
490	3428,55	3428,96
491	3452,97	3391,93
492	3471,08	3442,19
493	3462,53	3402,92
494	3496,31	3439,85
495	3473,72	3429,98
496	3502,61	3375,45
497	3472,91	3432,62
498	3457,65	3424,89
499	3451,55	3473,11
500	3447,48	3435,06
501	3595,80	3438,32
502	3608,82	3480,44
503	3524,79	3461,51
504	3502,82	3505,26
505	3527,44	3472,91
506	3588,07	3427,94
507	3595,80	3478,00
508	3491,63	3459,07
509	3495,70	3462,53
510	3560,40	3491,83
511	3561,82	3460,50
512	3580,34	3443,20
513	3572,61	3480,64
514	3570,77	3488,07
515	3579,32	3479,83
516	3506,48	3520,32
517	3580,74	3528,25
518	3512,79	3535,17
519	3507,90	3468,03
520	3531,30	3451,95
521	3444,42	3427,94
522	3414,52	3529,27
523	3456,22	3494,68
524	3527,84	3462,33
525	3619,40	3544,53
526	3528,45	3507,50
527	3501,19	3479,22
528	3539,85	3507,70
529	3581,35	3450,53
530	3553,07	3464,57
531	3570,37	3487,15
532	3522,15	3511,77
533	3597,43	3519,91
534	3593,77	3521,74
535	3577,79	3539,34
536	3499,77	3552,26
537	3631,81	3540,26
538	3614,72	3480,03
539	3497,53	3458,67
540	3557,75	3477,79
541	3563,04	3564,06
542	3517,67	3513,40
543	3621,84	3476,37
544	3578,71	3558,97
545	3554,90	3562,84
546	3590,31	3549,21
547	3642,39	3565,28
548	3561,92	3512,48
549	3520,52	3510,75
550	3544,32	3496,71
551	3596,82	3524,59
552	3614,11	3541,88
553	3557,75	3525,81
554	3536,59	3479,83
555	3448,39	3542,09
556	3558,57	3566,30
557	3447,07	3497,93
558	3558,97	3478,40
559	3605,57	3514,01
560	3560,40	3544,53
561	3492,44	3514,01
562	3593,36	3488,07
563	3590,31	3505,26
564	3631,00	3541,48
565	3703,43	3562,23
566	3591,73	3584,61
567	3610,65	3557,75
568	3622,96	3514,01
569	3643,41	3535,98
570	3687,16	3558,97
571	3681,46	3562,23
572	3649,72	3570,16
573	3605,57	3566,71
574	3618,79	3605,97
575	3626,32	3576,27
576	3592,34	3594,99
577	3635,07	3624,49
578	3698,96	3560,80
579	3672,71	3567,32
580	3662,33	3597,84
581	3660,50	3559,58
582	3653,99	3565,28
583	3566,50	3611,37
584	3514,42	3600,68
585	3609,43	3638,73
586	3560,19	3579,73
587	3599,87	3550,02
588	3676,78	3570,16
589	3658,06	3588,78
590	3601,90	3554,90
591	3607,40	3568,13
592	3650,74	3587,87
593	3689,60	3558,36
594	3663,96	3612,08
595	3637,92	3639,75
596	3646,67	3564,67
597	3620,62	3642,39
598	3651,14	3675,56
599	3691,02	3673,93
600	3602,51	3625,71
601	3605,77	3591,32
602	3653,58	3612,69
603	3543,61	3637,00
604	3563,86	3664,57
605	3623,68	3621,64
606	3677,59	3655,01
607	3667,22	3678,41
608	3655,82	3640,36
609	3590,10	3596,41
610	3561,62	3593,36
611	3596,61	3671,90
612	3613,71	3701,60
613	3602,92	3665,38
614	3668,84	3653,58
615	3729,07	3696,72
616	3758,77	3761,01
617	3847,28	3829,27
618	3780,34	3974,04
619	3758,37	4012,90
620	3807,00	4032,03
621	3792,96	4078,41
622	3826,53	3976,07
623	3844,84	3940,98
624	3832,02	3940,67
625	3793,57	3991,33
626	3881,87	4043,62
627	3666,61	4145,35
628	3519,71	4311,18
629	3276,57	4408,23
630	3202,71	4703,05
631	2988,26	4806,20
632	2812,67	4857,07
633	2726,40	4944,35
634	2761,81	4861,34
635	2764,86	4932,55
636	2835,26	4897,15
637	2871,57	4819,02
638	2935,36	4788,09
639	2993,96	4767,34
640	3047,26	4689,01
641	3212,48	4452,38
642	3236,08	4434,27
643	3318,07	4340,17
644	3421,23	4273,13
645	3529,47	4252,58
646	3557,14	4214,53
647	3584,20	4266,01
648	3625,91	4234,67
649	3629,98	4187,27
650	3683,09	4166,51
651	3670,47	4141,49
652	3604,75	4057,46
653	3646,87	4069,67
654	3754,91	3998,86
655	3981,77	4135,18
656	3859,69	4027,35
657	3924,19	4010,86
658	3766,30	3789,09
659	3756,33	3737,41
660	3782,58	3694,28
661	3801,09	3781,16
662	3787,26	3749,82
663	3833,85	3734,05
664	3790,31	3725,61
665	3881,26	3701,19
666	3874,34	3669,86
667	3760,40	3714,01
668	3834,67	3710,55
669	3872,92	3695,50
670	3916,86	3739,65
671	3883,29	3724,59
672	3823,68	3724,59
673	3857,05	3671,69
674	3863,56	3690,61
675	3781,56	3673,73
676	3846,67	3716,45
677	3825,31	3675,76
678	3935,79	3685,83
679	3880,24	3699,97
680	3834,46	3734,56
681	3834,67	3671,29
682	3909,54	3706,89
683	3883,09	3715,23
684	3903,74	3738,33
685	3881,87	3698,14
686	3869,05	3703,64
687	3772,41	3723,78
688	3819,81	3702,01
689	3933,75	3725,81
690	3858,27	3769,15
691	3848,20	3769,15
692	3843,21	3757,15
693	3827,14	3683,90
694	3807,61	3721,74
695	3842,40	3778,31
696	3833,85	3723,58
697	3828,36	3769,96
698	3838,13	3770,98
699	3839,96	3749,01
700	3844,43	3779,53
701	3848,09	3776,68
702	3991,54	3828,77
703	3903,44	3789,50
704	3804,55	3813,71
705	3904,66	3738,63
706	3939,65	3840,36
707	3879,22	3797,64
708	3910,76	3795,40
709	3881,46	3811,06
710	3898,15	3768,95
711	3887,87	3796,62
712	3875,97	3778,10
713	3859,29	3832,22
714	3816,56	3742,50
715	3852,98	3751,04
716	3835,89	3806,38
717	3809,84	3818,39
718	3832,63	3789,29
719	3858,67	3813,30
720	3799,87	3871,29
721	3921,34	3818,59
722	3887,36	3827,75
723	3798,25	3871,49
724	3881,06	3888,18
725	3859,49	3888,18
726	3951,05	3868,03
727	3879,83	3850,74
728	3920,93	3892,86
729	3897,13	3824,29
730	3908,52	3841,18
731	3842,60	3850,13
732	3839,65	3843,62
733	3858,47	3849,72
734	3944,94	3852,16
735	3948,20	3837,72
736	3948,81	3867,42
737	3940,26	3886,75
738	3955,32	3889,70
739	3908,73	3885,74
740	3943,93	3886,96
741	3912,59	3859,28
742	3962,24	3909,95
743	3911,57	3934,77
744	3951,05	3916,46
745	3919,51	3925,82
746	3889,40	3952,88
747	3908,73	3918,29
748	3882,07	3995,40
749	3926,22	3984,82
750	3930,70	3967,12
751	3922,36	3949,62
752	3965,39	3955,62
753	3998,86	3951,86
754	3889,60	3985,64
755	3878,61	3938,84
756	3861,73	3925,21
757	3872,31	3937,21
758	3947,38	3954,91
759	3971,80	3965,70
760	3961,63	3992,35
761	4015,14	4002,52
762	3911,17	3983,40
763	3932,33	3885,74
764	3910,96	3970,58
765	3920,93	3931,92
766	3886,96	3990,11
767	3930,50	4009,03
768	3967,32	3977,29
769	3947,79	3958,17
770	3996,83	3982,99
771	3954,30	4014,12
772	3939,75	4032,53
773	3957,76	4040,37
774	4042,60	4026,94
775	3962,44	4005,57
776	3992,96	4024,50
777	3895,91	4038,13
778	4043,83	3957,96
779	4082,08	4034,06
780	3968,14	4013,92
781	4000,90	4022,46
782	3998,66	4063,36
783	3988,48	4006,80
784	4004,76	4049,12
785	3975,26	4040,37
786	3956,24	4060,00
787	3996,01	4022,67
788	4047,28	4102,63
789	4016,56	4122,77
790	3967,93	4055,02
791	3981,77	4087,16
792	3992,15	4070,07
793	3965,09	4109,44
794	4063,77	4125,62
795	3968,95	4077,40
796	4004,15	4101,20
797	4018,80	4097,13
798	4050,13	4052,98
799	3952,27	4076,38
800	4035,59	4143,93
801	4010,05	4116,46
802	3983,80	4094,90
803	3979,94	4131,93
804	4015,95	4136,81
805	3996,83	4130,30
806	4008,83	4104,86
807	3910,46	4133,25
808	3992,15	4056,24
809	4015,95	4069,67
810	4027,75	4072,31
811	4006,39	4208,43
812	4028,57	4130,70
813	4056,44	4101,81
814	4052,37	4128,06
815	4071,90	4163,67
816	4088,18	4119,31
817	4098,76	4128,06
818	4155,93	4138,23
819	4132,94	4102,63
820	4107,61	4154,31
821	4120,12	4197,85
822	4104,66	4151,05
823	4171,80	4173,43
824	4172,82	4171,60
825	4097,34	4138,44
826	4128,67	4182,38
827	4172,01	4264,79
828	4091,44	4146,98
829	4075,77	4168,35
830	4164,28	4168,35
831	4179,74	4182,59
832	4216,36	4191,13
833	4135,38	4213,92
834	4202,53	4277,91
835	4239,15	4322,77
836	4417,38	4402,12
837	4426,13	4493,68
838	4494,90	4519,93
839	4487,38	4579,34
840	4397,65	4585,24
841	4421,05	4603,86
842	4542,51	4638,34
843	4546,58	4660,73
844	4570,79	4689,21
845	4547,80	4649,94
846	4513,42	4696,33
847	4488,80	4715,25
848	4500,60	4727,05
849	4628,38	4730,72
850	4637,33	4760,22
851	4591,75	4698,98
852	4600,30	4698,57
853	4609,45	4654,62
854	4653,60	4780,57
855	4670,08	4817,39
856	4607,83	4857,07
857	4598,06	4845,06
858	4576,49	4845,47
859	4597,04	4786,06
860	4592,97	4792,77
861	4564,49	4843,23
862	4630,71	4784,53
863	4602,54	4747,60
864	4607,83	4762,25
865	4571,61	4783,82
866	4570,18	4819,02
867	4630,21	4771,21
868	4568,76	4737,84
869	4627,36	4792,57
870	4561,84	4792,16
871	4690,63	4789,72
872	4562,86	4732,95
873	4525,42	4762,66
874	4524,51	4762,56
875	4548,82	4753,10
876	4596,43	4801,52
877	4559,60	4803,15
878	4513,62	4785,25
879	4553,50	4771,41
880	4544,75	4852,79
881	4611,49	4787,28
882	4547,09	4789,72
883	4642,82	4845,67
884	4619,83	4793,18
885	4552,48	4823,50
886	4596,02	4835,30
887	4580,56	4824,51
888	4551,26	4820,24
889	4640,48	4789,11
890	4601,52	4814,75
891	4637,94	4749,84
892	4613,32	4849,34
893	4595,62	4882,50
894	4551,26	4831,63
895	4537,94	4860,22
896	4651,16	4866,63
897	4634,07	4862,76
898	4573,85	4822,68
899	4581,38	4845,27
900	4674,56	4808,03
901	4639,97	4870,29
902	4654,83	4848,32
903	4656,86	4852,39
904	4662,96	4836,92
905	4695,72	4833,87
906	4682,50	4829,19
907	4651,98	4771,41
908	4568,96	4869,48
909	4592,57	4854,42
910	4724,00	4889,82
911	4739,26	4862,36
912	4673,34	4827,16
913	4602,94	4793,79
914	4665,61	4844,86
915	4700,91	5006,41
916	4639,77	4905,08
917	4627,56	4834,08
918	4688,19	4891,25
919	4754,12	5053,41
920	4744,96	5136,83
921	4842,01	5168,16
922	4818,82	5161,65
923	4801,01	5144,05
924	4768,76	5075,18
925	4803,15	5078,03
926	4732,96	5215,16
927	4168,35	5957,40
928	3206,58	6714,68
929	2978,09	7077,46
930	2883,88	7180,21
931	2832,41	7148,26
932	2936,58	6918,96
933	3053,57	6836,15
934	3217,97	6673,58
935	3630,59	6332,78
936	3805,77	6143,87
937	3984,82	5913,85
938	4239,76	5746,61
939	4417,18	5657,49
940	4547,80	5632,46
941	4591,55	5537,45
942	4636,92	5413,95
943	4632,24	5325,34
944	4678,43	5303,06
945	4751,27	5258,50
946	4700,20	5228,39
947	4656,25	5305,50
948	4715,86	5155,55
949	4721,97	5113,23
950	4744,86	5080,27
951	4667,44	5041,40
952	4746,18	5021,06
953	4786,06	4934,79
954	4799,28	4915,66
955	4718,31	4877,41
956	4658,79	4887,38
957	4794,20	4902,64
958	4848,52	4913,22
959	4807,02	4889,62
960	4784,23	4870,90
961	4803,15	4861,54
962	4844,45	4866,43
963	4823,90	4869,99
964	4860,73	4909,56
965	4880,06	4921,16
966	4868,26	4910,78
967	4811,08	4962,46
968	4823,70	4918,92
969	4882,91	4884,53
970	4859,31	4915,77
971	4785,04	4915,46
972	4847,50	4807,02
973	4895,73	4831,23
974	4974,67	4819,02
975	4895,93	4901,63
976	4903,05	4895,32
977	4943,54	4836,72
978	4947,61	4893,49
979	4944,35	4935,20
980	4927,67	4924,21
981	4925,23	4925,84
982	4879,85	4897,35
983	4949,64	4883,11
984	4955,54	4883,52
985	4869,48	4869,48
986	4853,40	4889,21
987	4867,85	4897,96
988	4926,04	4913,02
989	4943,54	4854,63
990	4922,79	4911,49
991	4959,41	4937,03
992	4867,65	4889,82
993	4941,30	4886,77
994	4942,93	4894,30
995	4933,77	4924,01
996	4877,82	4862,15
997	5003,36	4885,55
998	4938,05	4910,37
999	4974,06	4851,78
1000	4856,25	4947,61
1001	4793,99	4982,20
1002	4965,92	4953,92
1003	4887,79	4973,85
1004	4952,08	4882,19
1005	4848,32	4864,39
1006	4906,51	4880,47
1007	4947,20	4869,48
1008	4905,90	4863,17
1009	4894,50	4920,34
1010	4865,82	4881,69
1011	4830,01	4873,34
1012	4801,93	4920,95
1013	4792,77	4901,83
1014	4950,86	4928,28
1015	4856,25	4963,89
1016	4942,11	5004,78
1017	5057,27	5026,55
1018	4952,69	4926,14
1019	4918,72	4934,99
1020	4899,39	4952,29
1021	4895,73	4950,46
1022	4958,60	4954,73
1023	4885,76	4936,82
1024	4923,40	4947,20
1025	4908,54	4979,35
1026	4815,56	4908,95
1027	4772,83	4921,16
1028	4920,95	4976,30
1029	4867,44	4997,25
1030	4908,14	5022,48
1031	4868,05	4940,08
1032	4903,56	4924,92
1033	4930,52	4976,91
1034	4879,86	5018,82
1035	4878,84	4972,02
1036	4903,05	4941,10
1037	4904,88	5011,09
1038	4809,86	5053,10
1039	4848,73	4978,94
1040	4869,07	4921,56
1041	4823,90	4999,90
1042	4760,42	5059,92
1043	4862,56	4969,79
1044	4848,32	4942,62
1045	4784,63	4987,28
1046	4823,70	5007,83
1047	4889,42	4962,66
1048	4785,04	4967,75
1049	4871,72	5036,11
1050	4831,63	5036,73
1051	4834,89	5055,85
1052	4810,47	5012,51
1053	4762,46	5018,41
1054	4864,39	5007,43
1055	4898,17	4987,49
1056	4804,37	5028,99
1057	4772,02	5031,03
1058	4755,23	5023,50
1059	4810,88	5007,43
1060	4858,29	5043,64
1061	4878,84	5049,14
1062	4859,92	5043,44
1063	4872,53	5038,15
1064	4859,71	5016,58
1065	4924,31	4930,11
1066	4794,81	5045,07
1067	4779,96	5002,54
1068	4819,43	4993,18
1069	4834,28	5020,85
1070	4817,80	5018,41
1071	4820,24	5046,29
1072	4798,27	5074,77
1073	4796,64	5084,54
1074	4901,63	5076,40
1075	4903,25	5092,47
1076	4778,73	5029,20
1077	4817,80	4993,39
1078	4837,33	5008,65
1079	4859,92	4894,10
1080	4851,78	5037,74
1081	4888,60	5044,46
1082	4832,04	5038,56
1083	4827,36	5069,28
1084	4851,78	5069,89
1085	4878,23	5034,69
1086	4858,69	5017,40
1087	4842,62	5053,61
1088	4872,33	5044,66
1089	4848,32	5052,39
1090	4857,47	5076,40
1091	4813,93	4996,64
1092	4789,72	4955,14
1093	4775,48	5017,80
1094	4839,57	5012,72
1095	4703,66	5067,45
1096	4809,66	5072,74
1097	4876,40	5044,86
1098	4839,16	5054,22
1099	4783,01	5028,99
1100	4822,68	5065,82
1101	4897,56	5046,90
1102	4904,07	5051,98
1103	4835,09	5083,32
1104	4826,75	5111,80
1105	4714,24	5131,54
1106	4807,42	5069,58
1107	4763,68	5075,99
1108	4719,93	5105,50
1109	4807,83	5045,07
1110	4837,74	5081,69
1111	4779,34	5097,15
1112	4842,42	5135,00
1113	4865,41	5086,98
1114	4828,79	5092,88
1115	4840,38	5116,08
1116	4781,38	5151,27
1117	4754,32	5089,83
1118	4788,70	5137,44
1119	4842,01	5153,72
1120	4828,79	5116,28
1121	4803,96	5071,31
1122	4851,57	5059,72
1123	4784,84	5101,63
1124	4756,76	5105,70
1125	4871,51	5107,73
1126	4778,73	5095,53
1127	4826,34	5128,49
1128	4865,41	5104,27
1129	4845,06	5092,68
1130	4962,46	5094,31
1131	4814,14	5091,46
1132	4808,03	5091,86
1133	4840,59	5089,42
1134	4798,88	5058,90
1135	4889,21	5062,56
1136	4860,32	5080,27
1137	4785,24	5095,53
1138	4842,82	5044,05
1139	4874,56	5075,18
1140	4897,76	5069,89
1141	4841,40	5131,74
1142	4778,73	5086,37
1143	4812,71	5086,57
1144	4926,85	5115,06
1145	4824,51	5114,45
1146	4867,65	5103,87
1147	4969,18	5057,68
1148	4889,01	5105,29
1149	4908,54	5127,67
1150	4900,00	5120,35
1151	4893,89	5112,41
1152	4854,02	5094,31
1153	4820,44	5092,88
1154	4828,48	5053,10
1155	4852,59	5116,48
1156	4800,91	5112,41
1157	4838,35	5082,91
1158	4831,43	5092,88
1159	4797,45	5075,79
1160	4840,79	5086,17
1161	4877,92	5022,89
1162	4843,84	5110,99
1163	4947,20	5098,78
1164	4862,56	5075,99
1165	4865,61	5086,78
1166	4847,10	5069,69
1167	4884,33	5075,38
1168	4917,50	5099,19
1169	4834,08	5145,37
1170	4856,66	5141,51
1171	4887,99	5135,20
1172	4873,34	5163,28
1173	4843,03	5112,62
1174	4833,06	5159,01
1175	4898,98	5123,81
1176	4860,73	5118,72
1177	4886,98	5161,85
1178	4844,66	5171,01
1179	4791,55	5199,29
1180	4829,60	5134,18
1181	4857,17	5053,71
1182	4829,60	5137,64
1183	5002,34	5155,34
1184	4864,80	5137,85
1185	4908,95	5064,60
1186	4911,39	5148,63
1187	4899,79	5114,85
1188	4806,81	5109,56
1189	4830,21	5193,80
1190	4890,23	5105,90
1191	4820,04	5219,23
1192	4889,62	5176,30
1193	4795,01	5111,80
1194	4797,05	5057,38
1195	4919,12	5091,25
1196	4916,48	5087,79
1197	4829,60	5173,04
1198	4883,72	5123,81
1199	4857,47	5092,68
1200	4886,57	5185,46
1201	4892,47	5140,49
1202	4885,86	5155,65
1203	4908,34	5159,62
1204	4870,09	5100,82
1205	4859,92	5119,94
1206	4909,36	5125,84
1207	4935,81	5225,74
1208	4910,88	5182,51
1209	4906,31	5163,08
1210	4998,27	5180,57
1211	4912,21	5176,91
1212	4889,82	5154,12
1213	4881,28	5137,44
1214	4848,73	5240,39
1215	4774,46	5200,51
1216	4877,41	5187,90
1217	4904,47	5173,86
1218	4938,86	5157,18
1219	4926,85	5128,49
1220	4914,24	5169,18
1221	4905,49	5106,72
1222	4917,60	5092,47
1223	4892,67	5123,20
1224	4910,17	5164,70
1225	4857,27	5140,49
1226	4819,22	5151,68
1227	4944,15	5174,47
1228	4895,52	5186,27
1229	4891,05	5202,34
1230	4948,22	5152,50
1231	4901,42	5164,70
1232	4813,12	5129,10
1233	4883,92	5135,61
1234	4944,56	5166,53
1235	4948,42	5203,26
1236	4904,47	5182,20
1237	4891,45	5121,57
1238	4864,39	5150,05
1239	4903,05	5188,30
1240	4962,05	5193,39
1241	4933,77	5159,62
1242	4916,07	5111,19
1243	4964,90	5087,59
1244	5055,44	5233,47
1245	4954,12	5245,27
1246	4866,22	5276,81
1247	4936,82	5159,62
1248	5012,72	5304,69
1249	4916,99	5419,64
1250	5001,53	5526,26
1251	5129,30	5554,13
1252	5109,97	5506,93
1253	5040,59	5532,97
1254	5087,59	5543,96
1255	5088,20	5530,94
1256	5118,42	5624,12
1257	5229,61	5671,53
1258	4996,03	5855,66
1259	4667,85	6035,93
1260	4425,52	6351,10
1261	4215,35	6529,74
1262	4081,87	6594,03
1263	4067,63	6662,39
1264	3949,42	6669,72
1265	3908,32	6793,02
1266	3910,35	6587,93
1267	4032,43	6580,60
1268	4119,31	6507,35
1269	4072,51	6420,07
1270	4162,65	6281,71
1271	4301,41	6259,74
1272	4455,02	6165,94
1273	4443,43	5905,51
1274	4731,73	5891,07
1275	4613,12	5641,42
1276	4532,44	5564,61
1277	4615,96	5609,27
1278	4824,92	5546,20
1279	4809,66	5554,94
1280	4905,49	5430,02
1281	4925,02	5398,89
1282	4933,57	5410,89
1283	4958,80	5362,27
1284	4972,02	5426,15
1285	4968,56	5451,79
1286	4959,00	5472,95
1287	5062,36	5421,47
1288	5051,98	5447,11
1289	4977,72	5475,19
1290	4995,42	5455,35
1291	5009,87	5434,50
1292	4977,72	5406,62
1293	4938,25	5403,16
1294	5035,10	5417,00
1295	5057,07	5469,90
1296	5070,70	5456,06
1297	4990,54	5500,82
1298	4985,05	5462,98
1299	5034,89	5342,94
1300	5079,86	5341,92
1301	5081,49	5358,20
1302	5056,26	5427,58
1303	5110,38	5421,88
1304	5100,41	5443,45
1305	4995,02	5379,76
1306	5002,14	5389,53
1307	5087,18	5344,36
1308	5012,11	5447,31
1309	5028,59	5304,48
1310	5096,75	5300,92
1311	5047,51	5351,28
1312	5126,66	5406,82
1313	5033,47	5389,73
1314	5107,94	5407,23
1315	5093,69	5351,08
1316	4964,50	5443,04
1317	4976,50	5484,95
1318	4844,66	5466,85
1319	5083,11	5459,32
1320	5059,51	5325,64
1321	4996,64	5379,36
1322	5080,27	5346,60
1323	4966,33	5343,14
1324	4940,18	5380,88
1325	5024,92	5378,54
1326	5071,11	5365,52
1327	5075,99	5350,87
1328	5122,79	5373,46
1329	5029,60	5345,58
1330	5033,88	5334,49
1331	5007,02	5342,53
1332	5107,12	5355,55
1333	5028,38	5345,38
1334	5030,82	5333,58
1335	5131,34	5334,80
1336	5074,77	5324,01
1337	5066,84	5353,52
1338	5019,23	5312,82
1339	5091,66	5403,57
1340	5054,63	5344,36
1341	5053,61	5381,59
1342	4958,80	5364,10
1343	4999,69	5411,91
1344	4916,68	5415,98
1345	5067,65	5377,93
1346	5015,16	5365,72
1347	5061,14	5407,43
1348	5210,08	5338,46
1349	5101,63	5393,80
1350	5025,94	5498,18
1351	4968,87	5386,38
1352	5039,78	5391,36
1353	5025,94	5374,47
1354	5078,03	5396,04
1355	5060,12	5425,14
1356	5004,17	5409,67
1357	5034,49	5388,31
1358	5031,13	5436,43
1359	5057,89	5412,11
1360	5058,09	5334,39
1361	5008,65	5386,48
1362	4991,56	5443,04
1363	4996,44	5350,67
1364	5076,60	5379,97
1365	5035,30	5406,42
1366	5020,45	5349,45
1367	4950,25	5468,07
1368	4975,28	5397,67
1369	5084,34	5379,97
1370	5094,51	5397,06
1371	5043,03	5374,47
1372	5036,93	5353,92
1373	5064,40	5347,82
1374	5070,50	5407,64
1375	5080,88	5380,78
1376	5062,16	5292,88
1377	5050,15	5320,96
1378	5095,22	5334,49
1379	5014,34	5456,27
1380	4978,53	5388,51
1381	5003,56	5383,43
1382	5055,44	5409,27
1383	5115,67	5360,23
1384	5040,79	5413,13
1385	5021,97	5345,17
1386	5011,70	5375,69
1387	5043,85	5405,20
1388	5033,06	5386,88
1389	5056,46	5343,95
1390	5100,82	5361,25
1391	5058,90	5333,78
1392	5025,94	5373,86
1393	5072,13	5419,03
1394	5068,87	5373,66
1395	5015,16	5338,05
1396	4975,69	5403,98
1397	5032,45	5411,30
1398	5008,85	5388,51
1399	5009,05	5365,11
1400	5094,31	5425,34
1401	5013,73	5362,67
1402	4999,49	5420,46
1403	5050,15	5422,08
1404	5104,07	5396,24
1405	5064,40	5420,25
1406	4951,27	5326,66
1407	4981,99	5370,61
1408	5053,21	5372,85
1409	4978,33	5346,40
1410	4948,63	5410,08
1411	4930,31	5406,21
1412	4981,99	5374,47
1413	5028,99	5368,37
1414	5014,55	5421,07
1415	4980,98	5366,13
1416	5000,71	5358,20
1417	5056,87	5362,27
1418	5043,44	5317,30
1419	5078,44	5333,88
1420	5080,88	5451,99
1421	5039,98	5405,40
1422	5087,79	5411,91
1423	5089,83	5390,14
1424	5076,20	5389,12
1425	4923,60	5423,71
1426	4994,81	5437,95
1427	5088,20	5455,04
1428	5021,26	5407,23
1429	5070,50	5405,81
1430	5073,96	5385,46
1431	5128,08	5389,94
1432	5036,32	5409,47
1433	5072,94	5375,39
1434	5070,70	5353,72
1435	5027,98	5390,95
1436	4975,08	5408,86
1437	5040,59	5381,59
1438	5102,85	5441,41
1439	5055,04	5436,33
1440	5036,93	5433,68
1441	5047,51	5361,86
1442	5018,62	5370,20
1443	5080,88	5365,11
1444	5030,62	5320,76
1445	5034,69	5362,06
1446	5171,62	5325,64
1447	5123,91	5387,60
1448	5157,18	5417,61
1449	5165,31	5442,84
1450	5097,15	5378,75
1451	5076,81	5356,57
1452	5025,13	5400,72
1453	5033,27	5436,43
1454	5056,26	5448,53
1455	5000,51	5420,25
1456	5013,33	5401,13
1457	5121,37	5460,33
1458	5092,88	5408,86
1459	5025,53	5386,27
1460	5094,00	5425,14
1461	5120,76	5426,36
1462	5056,66	5394,21
1463	5062,16	5358,40
1464	5085,96	5359,21
1465	5050,76	5383,83
1466	4967,75	5353,52
1467	4960,94	5348,23
1468	4981,79	5410,08
1469	4987,49	5377,12
1470	5060,12	5380,37
1471	5118,52	5328,90
1472	5016,58	5400,31
1473	4992,78	5457,28
1474	5082,71	5408,04
1475	5056,26	5426,97
1476	5035,10	5383,22
1477	5058,29	5376,10
1478	5084,54	5397,46
1479	5094,71	5392,38
1480	5047,92	5412,93
1481	4997,25	5421,47
1482	4978,13	5337,65
1483	5060,94	5316,08
1484	5031,23	5360,84
1485	5036,93	5377,32
1486	5073,76	5362,27
1487	5055,24	5354,94
1488	4946,18	5368,78
1489	4996,24	5389,94
1490	5057,68	5382,41
1491	4988,91	5381,19
1492	5019,23	5319,74
1493	5007,02	5311,60
1494	4998,47	5344,87
1495	5013,53	5400,11
1496	4997,25	5388,51
1497	5028,38	5364,10
1498	5105,09	5362,06
1499	5059,11	5387,09
1500	4980,16	5408,35
1501	4998,07	5346,40
1502	4985,05	5354,94
1503	4980,57	5373,86
1504	4959,61	5354,74
1505	5050,97	5380,58
1506	5049,34	5369,18
1507	5063,99	5344,77
1508	5063,79	5345,17
1509	5070,30	5354,94
1510	5119,53	5342,73
1511	5080,67	5376,92
1512	5004,17	5324,22
1513	4965,51	5314,04
1514	5023,50	5329,92
1515	5019,43	5322,59
1516	5057,89	5354,13
1517	4971,01	5306,52
1518	4928,28	5330,53
1519	4920,14	5328,49
1520	4928,89	5379,56
1521	5069,89	5471,22
1522	4994,81	5526,66
1523	4966,33	5563,29
1524	4936,82	5584,85
1525	5048,12	5625,95
1526	5092,07	5784,65
1527	4986,47	5855,87
1528	4980,77	5813,34
1529	4924,41	5819,85
1530	4892,06	5845,90
1531	4831,02	5737,25
1532	4725,22	5859,94
1533	4650,76	5992,59
1534	4561,84	6049,56
1535	4337,12	6146,00
1536	4233,86	6381,82
1537	4027,96	6453,23
1538	3889,80	6619,46
1539	3703,23	6827,40
1540	3544,93	6881,52
1541	3403,73	6945,41
1542	3357,14	7031,98
1543	3313,19	7051,62
1544	3199,25	7052,43
1545	3246,45	7003,40
1546	3262,94	6998,11
1547	3305,26	6955,38
1548	3335,47	6817,74
1549	3329,26	6817,84
1550	3504,04	6811,53
1551	3540,87	6710,41
1552	3487,35	6670,53
1553	3535,78	6573,68
1554	3899,57	6518,34
1555	4030,40	6689,86
1556	3873,73	6244,07
1557	4043,01	6324,24
1558	4135,38	6239,80
1559	4209,85	6126,07
1560	4273,54	6054,24
1561	4347,39	6001,55
1562	4347,49	5975,71
1563	4408,84	5870,52
1564	4424,91	5852,41
1565	4523,18	5808,05
1566	4555,74	5677,23
1567	4605,79	5637,35
1568	4680,26	5639,79
1569	4605,69	5595,13
1570	4580,97	5598,08
1571	4622,27	5615,17
1572	4637,33	5644,06
1573	4783,62	5625,55
1574	4691,04	5536,43
1575	4775,48	5535,01
1576	4774,46	5580,48
1577	4728,89	5576,10
1578	4765,10	5572,24
1579	4783,01	5557,39
1580	4773,65	5584,24
1581	4809,05	5574,68
1582	4786,67	5525,85
1583	4804,98	5540,50
1584	4818,61	5508,35
1585	4837,13	5478,65
1586	4831,43	5547,82
1587	4856,25	5468,68
1588	4807,02	5493,70
1589	4908,75	5480,07
1590	4853,20	5408,04
1591	4868,87	5478,24
1592	4920,95	5405,20
1593	4964,70	5466,85
1594	4882,70	5461,15
1595	4896,34	5433,68
1596	4953,31	5381,49
1597	4900,81	5364,50
1598	4909,76	5375,08
1599	4955,34	5454,64
1600	4980,57	5386,88
1601	4896,95	5396,85
1602	4905,08	5354,33
1603	4896,54	5326,56
1604	4951,88	5309,57
1605	4853,61	5298,38
1606	4945,98	5313,84
1607	4980,98	5302,45
1608	4993,39	5351,28
1609	5009,66	5344,16
1610	4978,94	5301,84
1611	4998,47	5353,31
1612	4965,72	5316,49
1613	4916,07	5311,60
1614	5046,08	5317,50
1615	5062,16	5315,27
1616	5010,89	5351,89
1617	4923,70	5236,53
1618	4961,65	5233,88
1619	4993,18	5236,12
1620	4916,27	5288,82
1621	5030,21	5281,08
1622	5146,80	5185,86
1623	4958,19	5270,40
1624	5056,46	5294,51
1625	4963,07	5234,08
1626	5069,69	5260,94
1627	4991,56	5233,07
1628	5013,12	5263,79
1629	5024,11	5255,45
1630	4990,23	5254,23
1631	5008,24	5249,95
1632	5003,97	5209,87
1633	5008,24	5214,96
1634	4923,60	5280,88
1635	4946,18	5273,96
1636	4998,68	5256,46
1637	5043,64	5251,79
1638	5015,56	5296,55
1639	4985,25	5230,42
1640	5014,55	5243,24
1641	5046,08	5314,04
1642	4984,44	5284,95
1643	4959,41	5275,79
1644	5013,12	5287,49
1645	5074,77	5281,49
1646	5156,97	5236,53
1647	5042,42	5268,88
1648	5074,98	5280,47
1649	5070,91	5235,51
1650	5043,95	5236,22
1651	5107,94	5284,54
1652	4929,30	5260,53
1653	4973,65	5261,75
1654	4916,68	5249,75
1655	5008,24	5211,91
1656	4945,17	5217,60
1657	5016,79	5279,25
1658	5035,10	5303,46
1659	5067,45	5288,61
1660	5048,32	5285,36
1661	4984,03	5325,24
1662	5027,37	5310,99
1663	4981,99	5265,21
1664	4924,01	5274,37
1665	4984,44	5265,62
1666	5021,47	5296,95
1667	5067,04	5302,04
1668	4981,79	5287,19
1669	4981,59	5287,80
1670	4972,63	5262,98
1671	4948,42	5255,75
1672	5001,53	5251,17
1673	5026,15	5282,92
1674	4954,73	5257,08
1675	4985,86	5311,40
1676	5060,53	5289,43
1677	5028,38	5289,63
1678	4972,23	5337,85
1679	5119,94	5300,01
1680	5044,05	5313,23
1681	4990,34	5332,56
1682	5003,97	5341,92
1683	4956,97	5316,49
1684	4853,51	5258,19
1685	5035,50	5250,16
1686	5049,34	5307,13
1687	4944,35	5294,92
1688	5025,94	5274,17
1689	5038,96	5296,55
1690	5069,89	5224,32
1691	5028,99	5289,63
1692	4998,47	5333,27
1693	4940,49	5347,01
1694	5047,10	5282,51
1695	4993,79	5332,97
1696	4990,54	5301,43
1697	5005,39	5341,11
1698	5088,81	5319,54
1699	4906,71	5340,50
1700	4997,66	5307,13
1701	4954,53	5335,82
1702	5018,62	5320,76
1703	4998,27	5345,17
1704	5113,84	5368,06
1705	5007,22	5353,72
1706	4968,56	5349,85
1707	5034,49	5355,14
1708	5015,36	5294,72
1709	5034,89	5247,72
1710	5054,63	5253,62
1711	5006,71	5259,42
1712	4942,73	5308,55
1713	5020,45	5256,46
1714	5003,97	5267,66
1715	4999,49	5243,85
1716	5092,07	5282,30
1717	5126,66	5284,34
1718	5116,48	5308,75
1719	5105,60	5237,75
1720	5057,89	5317,50
1721	5048,73	5292,48
1722	5027,16	5308,35
1723	4970,19	5273,35
1724	4898,17	5289,83
1725	5051,27	5318,93
1726	5074,16	5285,97
1727	4930,11	5336,43
1728	4993,18	5244,66
1729	4961,44	5244,26
1730	5070,09	5283,32
1731	5006,41	5284,75
1732	5028,38	5257,58
1733	5048,12	5270,30
1734	4984,23	5296,55
1735	4938,66	5296,34
1736	4963,68	5246,09
1737	5035,71	5286,37
1738	4978,53	5317,30
1739	5011,29	5289,32
1740	4958,39	5306,72
1741	4878,84	5281,08
1742	5005,80	5319,95
1743	5002,54	5249,14
1744	4986,27	5219,23
1745	4962,77	5250,26
1746	5000,10	5261,14
1747	4989,73	5258,09
1748	5022,69	5208,85
1749	4963,68	5237,54
1750	5028,18	5239,98
1751	5012,72	5289,63
1752	4931,33	5233,68
1753	4918,82	5225,54
1754	5008,44	5240,59
1755	5020,85	5285,76
1756	5003,36	5298,99
1757	5052,80	5241,41
1758	5031,64	5344,97
1759	5054,63	5310,69
1760	5080,88	5342,53
1761	5012,51	5292,27
1762	5033,88	5308,75
1763	4944,15	5300,01
1764	4991,15	5267,45
1765	4984,84	5307,74
1766	4991,76	5253,31
1767	4877,82	5337,65
1768	4924,01	5262,37
1769	4976,91	5307,13
1770	5017,60	5331,34
1771	5026,55	5257,89
1772	5009,05	5216,59
1773	4981,99	5285,36
1774	4965,11	5294,92
1775	5020,04	5277,22
1776	5039,17	5259,52
1777	4969,99	5238,56
1778	5013,94	5293,50
1779	5024,11	5272,54
1780	5001,93	5219,23
1781	5016,99	5290,44
1782	4994,81	5321,98
1783	5025,94	5237,34
1784	4989,52	5242,43
1785	4952,69	5262,37
1786	4969,38	5306,11
1787	5003,97	5296,95
1788	5072,94	5302,04
1789	4993,18	5286,58
1790	4964,90	5233,27
1791	4990,74	5288,61
1792	4965,31	5258,50
1793	4931,33	5266,13
1794	5079,66	5201,94
1795	5080,67	5208,65
1796	5066,02	5231,64
1797	4987,28	5207,63
1798	4943,95	5244,87
1799	4967,34	5194,21
1800	4922,48	5287,19
1801	4961,65	5255,24
1802	5023,70	5282,92
1803	5014,14	5272,33
1804	4974,47	5260,74
1805	4913,02	5274,98
1806	4885,96	5293,70
1807	4961,85	5233,17
1808	4968,97	5255,24
1809	4950,66	5269,89
1810	5043,44	5283,12
1811	5031,23	5281,49
1812	4914,24	5201,94
1813	4964,09	5165,31
1814	4920,96	5154,43
1815	4945,78	5173,25
1816	5053,82	5237,75
1817	5030,62	5256,46
1818	4964,29	5284,34
1819	5080,88	5287,19
1820	4960,63	5233,47
1821	4948,42	5207,84
1822	4950,66	5199,29
1823	4904,47	5204,38
1824	5008,44	5254,02
1825	4977,31	5168,57
1826	4985,05	5194,41
1827	4918,11	5256,06
1828	4952,08	5205,40
1829	4934,38	5235,10
1830	4994,40	5219,23
1831	5037,95	5259,92
1832	5007,02	5258,70
1833	4981,79	5169,99
1834	4955,44	5163,89
1835	4971,82	5184,85
1836	4950,05	5229,20
1837	4934,18	5270,91
1838	4994,00	5201,73
1839	4977,52	5162,87
1840	4877,82	5152,50
1841	4977,72	5140,08
1842	4979,55	5228,59
1843	4959,82	5222,49
1844	5014,95	5175,69
1845	4975,89	5195,22
1846	5028,59	5253,41
1847	4987,08	5270,91
1848	5000,61	5194,41
1849	4941,10	5091,66
1850	4900,61	5002,95
1851	4757,37	4984,23
1852	4773,44	4948,63
1853	4830,21	4981,38
1854	4754,93	4968,16
1855	4800,71	4887,99
1856	4871,72	5019,63
1857	4807,22	5003,36
1858	4776,90	4991,76
1859	4798,88	5013,73
1860	4876,19	5096,34
1861	4942,93	5285,66
1862	5018,41	5410,28
1863	4971,41	5394,82
1864	5031,64	5309,77
1865	5089,83	5451,59
1866	4962,46	5347,62
1867	4961,04	5344,97
1868	4974,06	5235,00
1869	4788,91	5004,17
1870	4832,04	4978,33
1871	4811,29	4932,96
1872	4805,39	4982,40
1873	4891,66	5119,74
1874	4931,94	5227,57
1875	4898,07	5276,51
1876	4892,06	5387,70
1877	4644,25	5705,30
1878	4082,48	6227,80
1879	3234,04	7215,00
1880	2519,07	8131,80
1881	2423,55	8540,26
1882	2295,06	8558,26
1883	2127,41	8444,32
1884	2089,36	8464,06
1885	2069,83	8401,39
1886	2075,53	8396,51
1887	1968,50	8440,86
1888	1974,00	8484,61
1889	1941,65	8487,46
1890	1965,05	8444,12
1891	1905,43	8348,70
1892	1883,46	8416,86
1893	1872,47	8405,67
1894	1910,31	8462,63
1895	1893,43	8534,46
1896	1888,54	8544,02
1897	1847,24	8474,23
1898	1814,69	8445,75
1899	1849,48	8401,80
1900	1761,99	8253,07
1901	1747,75	8193,66
1902	1718,85	8156,63
1903	1742,66	8187,55
1904	1744,69	8190,20
1905	1829,34	8250,63
1906	1706,85	8112,27
1907	1687,32	8115,32
1908	1677,35	8093,35
1909	1688,34	8135,26
1910	1704,61	8076,26
1911	1710,31	8098,84
1912	1678,37	8070,36
1913	1709,90	8111,86
1914	1723,13	8123,46
1915	1670,43	8128,55
1916	1678,57	8106,27
1917	1681,42	8193,45
1918	1634,82	8153,98
1919	1635,23	8070,15
1920	1696,88	8104,54
1921	1711,94	8074,02
1922	1654,76	8094,67
1923	1622,21	8111,66
1924	1671,45	8118,58
1925	1699,53	8076,46
1926	1655,58	7996,91
1927	1650,49	8033,12
1928	1672,26	8048,99
1929	1663,72	8091,92
1930	1636,45	8055,30
1931	1665,95	8057,95
1932	1675,92	8067,10
1933	1675,72	8130,79
1934	1696,88	8123,05
1935	1690,98	8068,93
1936	1713,06	8060,79
1937	1654,36	8072,19
1938	1666,97	8121,22
1939	1675,11	8039,23
1940	1665,34	8011,56
1941	1707,46	8087,86
1942	1658,63	8101,08
1943	1670,63	8062,32
1944	1671,45	8146,45
1945	1699,53	8052,86
1946	1688,34	8084,60
1947	1626,69	8059,98
1948	1625,26	8110,24
1949	1668,60	8102,10
1950	1659,65	8066,90
1951	1694,44	7980,22
1952	1589,45	8024,17
1953	1677,55	8064,25
1954	1609,19	8098,64
1955	1627,50	8117,97
1956	1663,31	8097,42
1957	1672,47	8076,05
1958	1665,34	8106,98
1959	1662,90	8078,50
1960	1630,55	8105,56
1961	1622,21	8140,76
1962	1613,87	8116,75
1963	1613,26	8207,08
1964	1628,52	8147,47
1965	1648,46	8123,87
1966	1624,85	8052,25
1967	1643,78	8126,72
1968	1631,77	8237,60
1969	1659,85	8070,97
1970	1669,72	8051,64
1971	1658,43	8062,63
1972	1632,99	8079,11
1973	1593,52	8074,83
1974	1618,14	8151,54
1975	1631,16	8124,68
1976	1561,37	8131,60
1977	1608,37	8128,85
1978	1696,88	8066,29
1979	1654,56	8162,93
1980	1637,47	8182,87
1981	1657,00	8083,99
1982	1652,53	8084,80
1983	1655,37	8127,33
1984	1651,51	8156,22
1985	1647,03	8157,03
1986	1674,70	8135,06
1987	1676,33	8093,76
1988	1646,83	8105,56
1989	1636,66	8150,93
1990	1638,49	8114,31
1991	1623,33	8103,83
1992	1612,24	8101,89
1993	1685,89	8093,15
1994	1642,15	8046,55
1995	1639,50	8129,16
1996	1651,10	8076,26
1997	1595,96	8068,73
1998	1670,94	8135,87
1999	1652,93	8170,05
2000	1643,78	8055,30
2001	1624,86	8176,77
2002	1610,61	8154,18
2003	1668,60	8184,91
2004	1690,78	8094,98
2005	1681,01	8127,94
2006	1624,04	8133,23
2007	1631,98	8084,60
2008	1662,29	8071,99
2009	1681,62	8130,99
2010	1666,36	8116,34
2011	1617,23	8152,66
2012	1614,89	8088,87
2013	1667,79	8131,60
2014	1636,66	8126,92
2015	1641,34	8144,42
2016	1659,44	8105,35
2017	1658,22	8099,05
2018	1649,88	8101,08
2019	1693,63	8155,81
2020	1629,94	8156,63
2021	1644,79	8152,76
2022	1655,78	8171,89
2023	1627,70	8150,52
2024	1640,93	8099,05
2025	1651,10	8120,61
2026	1624,24	8131,60
2027	1584,77	8121,83
2028	1654,36	8099,05
2029	1609,60	8093,76
2030	1645,00	8066,70
2031	1639,50	8071,78
2032	1670,43	8148,89
2033	1668,80	8264,46
2034	1660,26	8169,65
2035	1669,82	8152,35
2036	1659,65	8222,34
2037	1663,31	8215,83
2038	1661,68	8119,60
2039	1637,06	8141,98
2040	1703,39	8226,01
2041	1692,81	8135,67
2042	1686,50	8132,82
2043	1642,56	8113,49
2044	1675,52	8152,66
2045	1638,89	8234,14
2046	1671,65	8143,20
2047	1692,20	8095,79
2048	1685,08	8113,29
2049	1635,84	8158,05
2050	1693,22	8071,58
2051	1651,71	8140,76
2052	1699,73	8156,83
2053	1694,64	8162,93
2054	1672,47	8144,01
2055	1640,32	8118,37
2056	1735,74	8094,16
2057	1670,43	8138,31
2058	1698,10	8164,87
2059	1709,70	8129,97
2060	1673,08	8136,08
2061	1675,11	8121,83
2062	1684,06	8096,20
2063	1706,65	8127,73
2064	1710,31	8153,88
2065	1674,50	8157,24
2066	1683,25	8153,98
2067	1666,56	8137,91
2068	1652,12	8131,80
2069	1708,27	8135,87
2070	1693,22	8094,98
2071	1724,96	8097,72
2072	1687,11	8114,31
2073	1665,34	8123,87
2074	1678,57	8161,31
2075	1724,35	8179,21
2076	1698,10	8157,24
2077	1732,69	8216,65
2078	1705,43	8179,82
2079	1672,06	8185,31
2080	1753,04	8193,45
2081	1795,97	8247,57
2082	1711,12	8214,00
2083	1707,66	8105,96
2084	1752,22	8080,33
2085	1732,89	8152,05
2086	1770,33	8184,30
2087	1749,37	8141,57
2088	1764,02	8136,89
2089	1756,70	8090,50
2090	1773,79	8167,82
2091	1765,45	8140,15
2092	1784,78	8192,64
2093	1717,23	8115,53
2094	1746,93	8145,84
2095	1757,72	8143,81
2096	1752,63	8146,25
2097	1761,38	8209,53
2098	1790,27	8158,46
2099	1776,64	8233,74
2100	1792,92	8172,90
2101	1755,07	8068,53
2102	1732,89	8030,68
2103	1804,31	8073,21
2104	1796,37	8092,33
2105	1883,05	8130,38
2106	1840,73	8138,52
2107	1820,38	8098,44
2108	1783,96	8057,34
2109	1773,79	8039,84
2110	1839,10	8190,20
2111	1819,16	8080,94
2112	1804,31	8006,47
2113	1818,96	8120,82
2114	1821,20	8142,59
2115	1813,47	8200,78
2116	1841,14	8135,47
2117	1828,93	8064,46
2118	1829,95	8021,73
2119	1836,05	8050,62
2120	1909,30	8047,98
2121	1925,37	8036,79
2122	1875,52	8061,00
2123	1887,12	8064,25
2124	1916,82	8118,17
2125	1926,39	8167,31
2126	1933,71	8084,60
2127	1927,81	8063,24
2128	1911,94	8044,52
2129	1923,95	8041,26
2130	1967,08	8050,21
2131	1975,52	8010,44
2132	2012,86	7999,15
2133	1960,37	7942,99
2134	1978,88	8058,35
2135	1985,59	7972,49
2136	1997,19	7972,90
2137	2045,41	7985,51
2138	2035,44	7961,50
2139	1994,75	7938,72
2140	2029,54	7955,40
2141	2006,55	7970,46
2142	2059,45	8008,30
2143	2090,17	8001,59
2144	2118,05	7880,12
2145	2100,65	8013,79
2146	2096,48	7912,67
2147	2077,15	8005,66
2148	2085,90	7902,91
2149	2070,64	7962,93
2150	2131,07	7869,95
2151	2116,83	7927,53
2152	2144,91	7971,68
2153	2121,10	7983,68
2154	2124,36	8028,44
2155	2125,98	7932,21
2156	2071,66	7924,47
2157	2107,67	7936,07
2158	2125,37	7851,84
2159	2149,18	7867,61
2160	2144,91	7913,08
2161	2094,65	7882,36
2162	2090,79	7893,55
2163	2183,56	7928,75
2164	2173,59	7926,71
2165	2193,13	7862,11
2166	2193,74	7838,00
2167	2174,61	7862,83
2168	2151,01	7934,65
2169	2157,52	7875,44
2170	2149,79	7857,54
